10000 10000
6312 6891
664 4243
7962 8377
4970 6635
5867 7809
3579 9559
2282 8269
2290 4618
1554 4105
8726 9862
2408 5082
1209 1619
5410 7736
1650 9172
5797 7114
3351 5181
7816 9053
7254 8542
1021 4268
231 8990
1529 6535
19 8087
3997 5459
1032 5329
3131 9299
3633 3910
2335 8897
1495 7340
1319 5244
8017 8323
1787 4939
4770 9032
2045 8970
5452 8853
3330 9883
8966 9628
4713 7291
1502 9770
5195 6307
3967 9432
3013 4757
3060 3103
541 4261
1132 7808
1472 2134
634 2451
1315 8858
6411 8595
4516 8550
3526 3859
6872 9664
4510 9498
7383 8072
1350 5856
1890 5314
7970 9619
3120 5494
266 3982
1920 4441
3613 6096
2794 5449
1019 6982
1649 2398
742 3585
8753 9403
1213 9866
438 2039
3089 9935
1962 9437
1500 6410
1902 6065
597 9921
355 3189
2030 3031
3451 7852
374 1001
6974 8917
1663 4259
1147 3619
1180 4933
5740 7145
1001 2955
7654 8252
646 9773
1654 6411
3267 4263
5875 7705
2776 9336
952 3333
2593 2654
5609 8675
1921 4108
7247 9778
217 2865
6716 7728
8333 9325
5103 5852
4112 6368
2514 9185
204 7504
1296 5504
749 8919
2210 4602
3935 7895
5771 9997
4717 5886
2169 9672
5084 6358
1323 6790
25 9742
3151 5479
2623 3923
3656 7343
6204 9309
517 6790
6591 9298
767 6853
2715 7297
1047 4248
2584 7314
7984 8644
9199 9896
2 638
5341 8104
5113 7650
817 6802
3081 8988
1368 2139
242 6584
5181 6841
56 3499
39 235
1603 8657
1949 3121
3253 9968
4588 4955
1642 2986
6500 7793
358 1333
4501 7422
1897 4203
2186 8534
1886 5687
2531 4562
305 694
667 3371
4255 9149
5157 6012
689 9298
8102 9955
7135 7515
6103 8814
2922 3406
6154 9620
146 4769
2269 2475
4447 5463
5530 6017
1536 5542
585 676
2685 4418
2449 9560
4744 5914
6469 8987
2125 4808
1883 7833
791 3928
2943 5045
1162 8570
4959 6606
4903 5383
1781 6795
1629 9189
7767 7884
5523 5631
2037 7850
1901 8155
620 6989
4947 5490
2551 2729
6154 9249
1079 1425
1388 3245
1002 3622
129 6305
1607 6453
8504 9118
4749 7349
8006 9583
3560 6932
1371 6035
3607 4275
2730 9589
3145 7066
1885 5874
453 1047
7400 8615
1949 3305
6521 8145
3396 4203
690 3538
1715 2398
3244 7511
5926 6194
2480 8953
1717 9769
2432 7994
6651 9240
6935 8540
5284 8117
8167 8170
3310 8894
3585 9991
160 5575
5215 5273
582 8604
2431 4209
2555 9873
6210 9552
4824 7708
1088 1387
646 8463
1088 3688
666 2139
251 4923
5417 7350
2439 2633
6084 7549
6263 8274
8232 8681
551 9403
1486 8487
1252 9833
3377 6986
4746 8773
6846 9808
6367 7901
9608 9953
336 3827
4 2982
4956 8305
4170 9344
1076 5451
4293 8086
4962 6686
6287 6295
1021 2684
2087 3915
4704 5473
589 910
6847 7887
2309 8059
1338 9863
2481 5780
577 6737
6336 7640
771 7519
1663 7716
332 2481
532 9803
2175 5307
1726 8998
3195 5680
6282 8034
986 1819
7655 9997
2037 5536
2083 4856
4814 6352
1992 8504
626 3099
6423 7284
3121 6088
5842 7463
732 1235
656 7966
437 4185
8521 9327
3539 9369
1532 3763
8232 8581
6884 8309
1859 5003
2387 6980
6915 9274
1377 1717
1031 6810
1626 6803
504 2559
7063 7320
494 6833
5317 8137
1287 4139
1153 5776
1989 5887
482 5660
2915 5700
164 3777
1156 5994
2348 9775
53 3408
2019 3356
118 4805
404 6048
3816 9910
2325 3064
1842 7440
5644 7811
2133 4231
458 3410
5489 5935
4795 7756
4856 9064
3016 5358
1324 9717
1681 8737
5043 9517
2563 6171
2052 2408
3651 5176
3979 8329
3014 3878
4769 6103
758 6878
2167 9851
337 6453
1200 1277
2164 6886
4906 9024
2332 6829
6918 9685
4883 5810
1386 4065
6050 7288
948 8671
6168 6695
139 6836
5254 7231
3343 6089
4806 7716
1492 3039
1780 4538
1838 9146
2522 9922
6534 7310
3038 6910
2863 7074
4063 7430
5577 8575
2336 5823
1418 7577
3337 7919
31 4829
7358 7570
128 3584
1876 4892
4935 8933
2560 9981
6951 7724
1517 8154
3808 8909
4589 6641
355 1980
665 4425
5 4204
6528 8620
6492 9530
1672 7285
4139 5798
3212 4644
1397 9756
581 1155
4301 5008
5569 8744
1937 8687
2680 4081
1116 6797
4633 4747
2203 8517
8570 9405
3446 8707
1726 6731
6610 8906
4565 4789
6092 7248
2258 9310
2021 2574
1975 6250
6574 9684
2287 7667
4899 9169
5801 7745
3572 6802
7811 8010
5215 8218
987 8073
4919 7275
2340 8119
859 3535
419 5823
6406 7726
166 8632
1089 1334
106 6474
675 5920
62 1904
4430 4793
2305 3715
4718 9386
1728 3133
7111 7552
5410 6294
2757 5419
6910 7132
2426 7329
2417 8588
2118 5179
3061 3423
5721 7277
6372 7001
6383 8061
3215 3608
3347 7198
816 9610
546 6363
1388 3835
3060 5958
934 2841
3819 4875
1420 8391
4661 5785
6741 7509
884 8457
7056 8966
7449 9519
4174 8032
3530 7794
4357 5525
692 718
862 2669
64 5732
117 4749
1044 2301
3640 7009
6497 9972
3621 9139
3160 7434
5563 9967
1677 9935
1403 5227
5291 8781
5328 7467
473 4187
727 8553
3116 6041
1313 3434
5665 8594
3077 3304
4117 4937
5116 8469
4173 6303
5636 7899
730 3932
5011 9044
151 1186
7552 8116
778 7180
6753 8087
7211 7546
1403 1936
1335 3951
1618 2520
3498 6784
1264 7220
6995 9159
645 6464
2956 4092
3606 8029
2099 4572
5237 5769
1758 7125
4678 9127
8865 9996
3297 4861
7239 8422
7571 9907
4277 8785
3798 4466
272 1946
1621 2828
4076 6794
3573 4663
106 8775
7017 8443
816 1996
4465 6303
1938 9252
3762 5881
4624 8957
3631 3935
1062 8490
5039 5363
3828 6115
4700 7869
2808 9537
254 2250
8272 9063
5373 6013
415 9592
2128 6482
2544 2897
1253 8364
2222 3384
8139 9331
3498 3856
2165 3829
5792 6302
9684 9970
2172 8167
427 1770
8626 9767
5876 8016
5058 7465
208 3606
2672 9102
7880 8106
5144 8947
1291 4247
2252 9901
3131 6584
4780 5185
970 6293
628 3419
4090 5164
5623 7229
3702 4262
2660 5639
279 4996
5839 9398
954 8840
2478 5791
361 8047
403 1005
737 3957
204 3700
1091 5353
1023 5652
2226 6925
3548 7356
2328 7131
5112 5867
2899 5388
6270 6696
158 6706
4322 8745
7581 8706
688 9253
2009 6700
2807 6395
51 8202
2265 8421
1305 2428
3890 5408
2889 4044
361 2767
2758 9199
1286 6999
1699 9796
2459 7496
657 9863
4137 5575
447 6169
596 8133
1469 5872
2471 4797
3870 7506
5830 8314
2659 6631
4422 5532
6433 8067
243 5092
4723 8690
7683 9019
573 8713
9046 9348
628 4300
6473 7470
1967 6616
5679 8127
339 839
562 4474
4161 9536
3394 4748
8459 8672
5576 6326
3424 4107
1901 9274
3976 5398
8730 9604
2664 5790
2508 5418
149 9584
840 9255
2559 5646
4771 5951
4808 5293
6614 8108
7062 9842
17 2786
2307 9316
715 7240
2062 5593
153 7872
3075 4221
1151 8993
4567 6945
2849 8676
1037 2783
2579 9498
1804 8257
8904 9914
6303 7122
4355 5102
224 4669
4595 7024
4231 8813
8639 9086
5209 5608
3113 7073
98 2322
2545 8378
6294 9229
5914 7605
596 9202
3741 6745
258 5935
2598 8669
3187 5808
314 8143
4083 9365
3967 4497
3034 6881
1277 9391
3879 7343
7368 8338
1646 3085
2695 7218
1069 6992
4455 6468
4141 7164
5836 9990
1485 5371
494 5031
180 8070
3323 4106
6335 6520
6378 7138
630 9547
5810 7624
2078 9320
4561 9248
399 5376
6523 7762
2218 8548
682 1336
5693 9273
74 5915
1137 3126
1816 8858
707 7719
416 5154
5158 6434
2053 4507
2329 6659
2417 9760
5016 6623
981 8381
2055 2670
2195 7879
766 8514
713 9093
2953 6345
5648 9600
1323 1357
2858 9172
3304 4352
4276 5373
4160 4248
7479 8478
2543 7354
2504 9056
633 9593
2900 8393
554 5179
1174 3161
3912 7481
7515 8557
2612 5467
2210 7807
937 9109
1351 8904
5626 8482
41 1311
1704 7008
5773 9954
7399 9344
5502 6195
5932 8396
1948 2231
373 5192
2050 2992
315 5536
3168 9953
724 6781
1017 5100
856 6382
2756 9838
1269 5864
885 6689
5816 7221
4192 9899
5075 9220
6754 7433
503 2961
4328 7434
3122 6352
1051 5860
1578 2022
430 5748
350 2902
224 6616
5289 7479
8127 9078
1319 7808
848 8776
4297 6586
456 8452
1313 1569
5466 5875
1614 7724
542 2528
4704 8464
12 603
5533 6172
2571 8984
2407 2631
2605 2861
3975 5379
391 7913
724 6523
3710 3937
4614 5384
2786 3903
3704 5769
2681 6894
5953 7585
2261 9264
6333 9256
221 2657
93 9563
2818 6389
320 2440
413 5298
61 8358
626 774
1834 9389
2420 2510
434 6224
6861 7148
5455 9307
2259 4063
5965 8360
3550 8739
1197 6560
2127 6681
5745 9276
1582 7071
4025 7145
6255 7720
3687 6470
3934 7884
6506 9526
1131 4135
4520 8628
6092 8886
356 9897
3884 7776
661 4527
5269 6403
1748 8757
799 2363
440 6430
6441 6899
1718 7094
7548 9899
2645 7570
2779 5579
6736 7772
2606 9670
4649 8251
1844 6034
2338 5660
5860 7745
884 8499
3207 4222
2899 9564
4851 5320
680 6228
4770 9035
572 7065
4409 6727
3411 6147
2199 5684
1808 2166
2716 5849
512 7055
6528 9449
1248 7595
1276 6971
8928 9076
2266 2773
2507 3400
2695 3740
487 8607
2221 8079
4720 5849
1942 5492
4289 6699
2594 5612
5437 8218
2369 8735
6163 9101
3843 5002
5678 6203
6395 7722
5017 8382
6657 6720
1601 2524
81 2420
9560 9757
1751 8473
3358 9762
8413 9882
1822 4370
2763 6159
591 1399
172 1891
5934 7876
1772 5216
6048 7416
4160 9573
3748 7972
2606 9202
1277 9038
2753 8323
423 2734
6700 8473
3410 9966
6636 7180
347 4328
2200 9625
2808 6361
7225 9257
880 6145
1423 9638
5481 6639
3820 8304
641 7464
1668 7864
4403 8315
8033 9025
6457 7745
2966 4347
3765 8864
2614 5970
4956 9976
2354 7487
1123 1128
6443 7834
6718 9276
1512 9112
4351 7902
1817 3763
2312 4862
1543 5890
930 2272
2242 9610
3253 9155
116 542
6625 9147
8034 9859
1754 7750
5690 9168
1598 5621
85 3960
3714 8155
4497 5104
147 3681
5815 8121
5585 8340
1270 1502
4994 9399
3707 6919
6022 6245
2384 3796
3266 4717
5885 7883
4636 6298
1958 2120
5818 6574
7717 8197
3747 6127
5878 7077
4546 5886
4639 6568
1726 7860
1977 4774
2528 7308
3991 5637
3063 5540
3747 8181
1802 6290
6369 7616
7566 8414
3616 9272
6542 8229
5099 7974
3812 5154
27 8486
1506 7730
5197 6460
3726 7068
797 9428
663 6661
1532 4317
3282 5355
1854 2926
2963 5967
464 3830
133 716
6270 8759
74 2125
1909 9907
3267 9927
1337 7637
25 3240
6803 8524
1095 8798
2903 3839
3719 6807
6258 7778
7 7141
3443 6247
675 4413
468 9549
5687 6021
5527 7437
2202 9764
1509 8472
1692 4125
1696 4471
396 2325
2227 6209
3393 9391
3304 5236
6901 8324
1972 8199
1730 9169
2041 7777
7335 8340
2928 7698
7454 8975
2112 5568
4169 6820
1287 6181
8282 9257
3827 5499
4071 7436
5752 7874
392 6723
99 7324
6634 9052
3670 7309
3950 7037
4149 7819
2311 7784
3740 7224
4646 5898
7966 9822
2439 8559
1435 3074
4914 8484
967 2012
2542 5617
602 5480
2628 7678
3075 6395
6742 8129
2745 3147
773 6405
5554 8535
3075 5375
3002 8507
8893 9741
7112 9547
2493 8085
3496 9351
7232 9799
540 3981
7992 9896
5205 9107
9 3218
714 1021
2199 3979
7262 9994
1787 3670
6972 8450
4693 5541
3149 8085
2675 6106
5842 9132
6404 7179
5203 7191
1104 7678
2402 3601
1857 2553
6457 7601
3441 8858
764 6028
349 6655
1435 3397
6756 9593
6741 9333
3449 8862
68 2235
8024 8698
5057 6229
8802 8912
1083 1283
8074 9910
251 3342
5899 6871
1372 5114
381 3918
457 9633
6022 8400
2513 7631
1806 4234
7327 9725
3597 4563
6271 6293
5567 8304
3741 9671
1458 4324
722 2537
5170 9572
7947 9234
1038 8640
7123 7856
5234 6317
398 1911
7115 9948
2189 2323
510 1949
4062 7042
521 4457
4329 6297
1892 5634
4779 6124
3106 8876
977 8879
5551 8445
229 9048
2645 8118
360 4225
2256 5433
1628 5637
6843 9196
1109 4121
1708 9348
1231 8532
2102 9605
568 7951
3661 8524
1587 5691
3555 9139
2904 3771
3300 6538
7193 9975
2589 5709
4411 5711
3290 8967
3541 7631
2105 5141
4536 9194
8 1365
5053 5376
576 5297
232 1386
1879 4791
2728 4511
3300 8401
5675 9088
1457 7358
6794 8237
6704 8715
1317 2011
7586 9726
2854 5311
3950 4859
4698 7160
376 514
135 4413
1249 5131
5193 8976
794 4710
4077 8465
2295 4253
919 9784
6368 6859
4602 9543
3694 4153
5125 8730
7354 8020
2014 6942
2778 6136
841 8532
3785 7821
502 6287
1329 3908
1613 5052
2109 2993
249 7171
5934 8610
2041 6782
4040 8640
4616 8190
4400 6623
7070 7713
957 2691
5855 8590
3318 4084
2477 3626
2381 4929
3053 9039
4103 8916
447 2970
3812 6839
2570 3988
2111 9175
2753 9526
4063 8586
345 4906
3274 7552
1022 6751
2750 6243
6356 8283
3482 6305
8621 8737
1689 8081
1409 2078
191 8730
173 1340
3982 6486
4519 7380
5658 6758
4232 6493
1256 2585
3976 9602
743 3439
880 8377
1099 7312
4080 7383
2204 9828
4738 8351
222 9804
2421 5755
5866 6014
4872 8221
2190 4154
369 7856
3271 9971
5561 6503
4939 7759
2283 7216
4849 7790
5438 5719
6238 9882
6486 9483
6575 8217
4881 9253
3094 3855
3546 7067
4345 8428
2743 8351
2299 9788
8477 8712
7797 8296
4244 5599
4943 7102
7475 8630
855 3184
4211 7518
300 1127
3298 9785
1692 4201
18 3549
2845 3032
5905 9985
148 4386
271 339
2744 9955
3869 5086
6440 8189
5812 5952
1439 9537
1890 7077
406 2822
234 9731
4466 8712
3418 5781
3225 6291
3023 5231
2930 8132
2477 9690
6680 8285
3715 9615
46 888
7146 9904
514 2221
1397 8233
5085 6871
3098 5436
1008 5557
2264 5180
4496 7964
7885 9978
4417 5417
1277 7515
1765 2615
4243 8396
6629 9158
7337 9962
2606 6903
6868 9953
1842 2071
1826 9577
3048 7902
1639 4821
4297 6976
1813 4525
5828 8341
1225 8783
133 671
243 9959
2014 2270
6309 6687
444 7887
2301 5133
1394 6424
3689 9490
799 3429
453 6758
773 9816
2171 6544
4870 9180
6631 6664
898 8952
7303 8887
2383 9185
2083 3397
2759 9643
1463 9447
4716 7694
4141 4389
3468 6606
148 845
1150 8577
169 4664
2308 2532
2206 8312
1877 5444
106 5298
2382 5412
1026 9476
1412 6112
3394 4160
5437 7391
7710 7950
8626 8777
1325 1383
5170 7189
6287 6608
7865 8884
6978 9033
1213 8498
2355 3594
6548 8380
2428 5135
1155 2346
565 2555
6293 9261
1116 1899
4385 8592
4960 9262
5771 7815
6589 9691
5230 7648
5657 8396
3806 8228
616 6290
5608 5997
113 8394
4093 9411
1261 7788
1818 6030
3996 7131
398 8942
8320 8499
660 1830
5877 9338
652 5993
2947 5586
4412 7964
6867 7916
22 3870
5641 7822
716 2634
7869 8617
2702 6313
4716 9508
3491 7925
448 7443
2842 9827
5166 7237
5371 9477
7045 9305
2361 8396
6414 7038
3887 6040
4837 6243
3464 3943
3962 4177
8790 9620
6096 7464
3903 9820
2400 5534
3991 5277
2359 4206
2835 9018
8791 9773
1880 7322
3356 7862
2975 9836
5865 9917
1455 4081
8139 8861
3446 4813
4480 6385
3311 8385
5800 6664
340 5167
710 3148
3228 9895
2680 9130
1327 7510
4110 8217
4715 7970
5148 6878
893 6314
963 1885
2617 5483
4361 9156
5061 7179
6798 8978
6144 7893
1470 3611
1314 1495
288 8293
8407 9545
5422 9776
1570 9233
331 3850
676 1565
1499 5114
6413 9636
2104 9434
3242 8704
4551 4842
2601 3010
3704 9673
2132 2244
3741 4226
4973 8127
2381 4446
1286 3350
2234 6668
2982 3259
282 9647
5759 8812
2068 7861
1337 4438
4576 9817
67 3614
2350 3394
56 9462
2084 6852
2384 7946
673 8824
5223 8247
2858 3605
5188 7482
3792 7252
3093 4512
1645 5732
4460 8031
5778 8826
4633 9645
3570 4682
6431 9051
1073 2871
1865 6154
1560 9667
2269 8470
2363 7551
4287 6924
3197 8785
1122 2911
4343 7218
5359 6164
840 8387
5642 6391
6291 9005
2063 8866
2490 9327
570 5004
7270 8459
6814 9429
3443 7680
3334 6414
1438 1599
6589 8771
1993 8303
2752 7645
529 3302
3818 3944
1559 9806
6193 6660
1142 8978
3484 8613
3256 3580
1489 8058
1633 3137
2134 8409
3200 9893
9016 9451
7072 8517
6471 9843
4295 7723
474 9878
5659 5748
568 3374
3238 7218
3527 8487
115 3475
2349 3877
7435 7731
1498 9901
4524 4752
5392 6426
1453 4874
2040 8133
1448 6072
2230 3770
3934 6707
293 7945
2359 4636
6065 8474
1897 2386
5267 8322
1239 5247
3140 5890
3281 4837
6945 8544
6208 6468
582 2339
1264 7224
2541 4716
3081 8630
8017 9870
2546 5734
2435 9592
7036 9382
3467 4340
1914 2586
2283 7233
6944 8786
628 2941
4897 7704
1398 9387
1615 6008
1655 8099
4025 8527
494 701
1414 9656
4261 7630
4209 9599
6167 9216
2662 3893
1999 9522
2620 8484
3985 8138
216 3711
2352 9848
2364 2529
2906 9700
1113 1731
1565 4579
4417 7665
4227 9457
6879 9476
680 1225
2317 7398
961 5686
4161 5454
6398 6682
364 4858
3479 3963
1461 9709
2360 4061
3490 8568
5238 7422
176 4104
6895 9474
8508 8974
2117 5438
8738 9331
3284 6361
1556 4887
4419 7294
3882 4290
1388 5019
2375 6029
431 7372
6330 7329
852 4676
6945 8363
7672 9322
3190 8480
124 2627
1753 4372
4213 6307
3242 7943
4338 7715
6622 8445
2175 9973
4394 8150
255 2818
3404 5553
1791 4288
512 7145
5082 5286
3155 5414
2090 6723
2031 4096
5858 7740
2847 7233
5801 7008
6720 7150
5975 9570
1439 1730
7420 9137
1574 2147
255 8600
6329 7865
3891 6444
1584 6912
939 4856
2793 9844
4564 4938
2039 8632
5528 9141
3 2367
25 1527
5534 5560
3251 7412
3978 6136
7557 9364
4285 8944
2806 7369
244 6559
78 1692
1756 5401
3404 5120
1885 8926
4936 8209
1516 1678
4730 8926
999 4028
1823 2696
2713 7284
2716 7623
2750 4225
7207 9355
447 9187
268 6202
1646 2011
1358 5076
3419 6250
4203 6289
3761 7588
8269 9742
6030 9171
3057 6971
138 9651
6897 9871
3830 4642
5683 8407
5142 7749
4150 7661
4470 5646
2684 3056
3642 7574
381 5302
6100 7771
4051 4692
345 1670
7525 8480
2986 3240
6369 9858
5436 9040
540 2178
6783 8054
7224 7652
196 6026
3235 9292
1117 3343
2155 8034
1438 8504
6635 9076
3406 4571
1290 7014
374 8922
5616 7819
48 3239
4836 6863
7355 8419
1052 4646
638 1411
5672 6209
6242 6759
3805 4640
6563 7942
11 9074
4728 7126
2524 7949
6539 7071
6470 9605
4948 9842
7696 8973
4982 6057
6861 9598
2785 5680
611 6955
7196 7224
1079 5085
3716 5430
3786 6173
394 5552
2556 3000
1133 8145
1632 2903
525 9896
2933 3750
163 8523
7070 7165
2942 4743
6503 7216
5104 8706
621 2612
2587 7846
1747 1913
4634 7760
4945 5002
530 6410
4378 9601
5437 7559
981 1112
3601 4813
5069 7452
3373 8982
1115 6187
663 6946
699 1499
116 6044
4827 5060
20 951
543 707
2554 9732
2773 7697
1332 9593
332 2282
2212 9187
1259 1666
1071 9954
1898 3306
1641 7983
1316 7092
1887 7760
7303 8216
2754 8846
1670 2265
6104 6917
2130 8380
1323 8300
575 9062
1545 4066
6091 6196
5311 8662
9203 9370
6429 8956
3968 5026
1500 9274
2499 9912
5970 6638
4647 5782
6122 8281
131 344
21 2345
3433 4224
2243 3051
1898 8021
2062 7929
4273 4515
669 2275
2822 5756
3279 5301
1558 8220
2370 8110
4118 5258
1897 3106
3981 5778
1690 6544
4503 6355
5848 9132
525 5440
3795 6457
553 6900
4427 8800
2610 4292
765 4386
1304 5488
128 6825
3715 4370
2937 4152
6051 8582
1859 2801
3265 8150
9289 9998
1212 9721
4673 6685
699 4228
86 493
2600 9942
2818 5397
3838 6628
8989 9553
518 3243
3105 8899
7437 8958
7367 9719
5485 5680
1918 5984
274 6862
3049 5959
3737 7863
6309 9829
243 3084
6773 8100
2651 6428
2521 7027
6247 7287
3518 4141
1035 2594
37 9315
3025 4929
1618 2527
2890 4101
4205 6520
6901 8547
5250 8823
6953 8037
1966 7604
4110 9917
4211 5163
4137 4668
6151 9961
382 8419
8192 8418
3326 8227
4461 6913
594 6663
354 6792
1404 9103
417 4559
481 8075
6391 8742
5730 9000
7730 8584
7290 9108
7781 9473
3032 9620
410 9948
3445 5829
5045 7053
1093 3592
1596 2709
7425 9935
2109 8145
5172 7213
2532 8008
4135 8049
5590 8601
736 3672
5911 8368
4323 6453
8768 9752
1577 5026
2126 8257
2289 2383
1047 5570
726 3188
443 8023
1278 7715
8578 9399
829 2283
7643 9227
2219 9227
1327 4232
4956 5845
2140 7667
701 6073
1692 5405
1650 1804
5021 5052
5985 9505
117 2958
6635 7784
3506 6629
1497 6845
4372 7968
7077 8075
2383 6174
3370 7033
3147 6949
1175 4385
2243 7619
5274 5946
4774 7371
4032 5630
2659 7556
2090 5569
3590 8147
1588 2529
8794 9606
7287 9905
2854 5211
1434 5180
2674 4462
1911 5837
1843 6207
5277 5370
5074 5461
25 3101
3057 4955
2782 9139
2606 7787
1301 3945
4254 8580
836 1733
1463 6208
6408 7600
2308 7941
946 2305
1853 2478
1962 6621
1539 9954
1341 4610
9449 9513
1633 3554
4951 6603
2820 8701
4372 7416
2861 5534
4275 6614
2652 2904
1404 3464
5859 8522
1488 7469
5440 8460
4953 6953
922 7515
2295 5721
2874 8184
3706 3788
1068 2059
7115 7209
1631 5911
1984 3682
2196 5282
3266 3881
5153 8966
5628 8136
7884 9663
4423 8263
299 4850
2953 4450
3207 8200
1805 8986
5109 7205
1798 2851
796 7460
8659 8687
9200 9221
6157 8955
5202 6879
5536 9965
3715 5421
2373 8100
427 8514
2291 7895
23 1378
307 9208
1793 2267
901 5262
3176 5110
786 1028
2906 3765
5896 6273
6032 8687
3438 6861
650 6425
3654 9771
121 9322
177 7307
2515 6798
1039 3296
2119 9485
4597 5185
4831 7413
5608 8580
6773 8048
4362 5402
4987 8461
7270 8753
5441 6576
5495 6613
234 4593
3508 7651
4896 6606
2127 7022
2931 7821
2799 3119
1277 3162
4435 8235
2684 8295
3031 9622
1989 7946
4066 7886
3010 7112
892 1905
627 8453
1473 1548
2251 9688
2411 9224
3439 5884
1637 6000
1570 6172
2059 8001
5500 9396
3329 8557
3667 9949
9341 9785
7275 9881
1564 4702
2300 6855
1566 3089
2135 2916
4354 4516
2772 5320
5506 7301
1640 8950
1481 6494
189 1021
3091 5628
4067 7131
5422 7004
2031 9654
1074 5378
7893 9962
4866 8081
4015 6286
968 5651
2770 5433
1472 9181
4524 7508
102 2617
2315 9140
5534 9296
1108 7442
4453 6383
4641 7672
478 6627
390 7466
1824 2160
4925 5400
4880 9943
2549 8016
114 7286
5319 9979
2544 6785
437 4895
2923 9464
1283 2567
6901 8388
7420 8753
2272 6884
2167 5564
5892 9202
2762 9681
1351 1523
1841 3970
3314 7838
454 3138
5404 6164
4331 5818
4140 9666
7257 8507
629 5105
7103 7304
3651 7763
244 8549
6481 9767
3513 5521
5717 9220
2667 4811
2901 4606
1947 3272
5776 6193
2529 4945
2748 4189
454 6648
1273 3045
6396 6746
1260 1284
4096 9330
1105 8777
3538 5309
7418 9141
1608 9958
2615 2778
9640 9923
793 9967
4263 7175
3503 8793
998 8088
276 1201
800 9736
2808 3082
3265 8071
4767 8536
9305 9419
1436 2464
6107 8936
14 5479
5076 8955
3706 9516
200 4978
6761 9404
1162 5801
4587 5386
1646 5669
4922 9242
2443 5769
238 629
6562 9781
139 7078
3825 7056
7619 9344
70 4816
2876 9387
7444 8814
225 1107
717 1490
2087 6446
6286 9794
2872 3603
1762 8979
489 670
6464 6642
2805 4637
431 6231
5224 6881
3294 8500
5838 8420
4032 9763
529 6803
8069 8404
782 3277
5543 7500
3016 9305
3231 3480
585 3278
1953 4812
5301 5406
2358 4994
2958 9444
4518 6801
906 6269
1811 9321
2660 8155
3637 6226
6344 6718
2110 9177
5942 7251
754 8599
3537 3731
6547 8406
3675 7967
1282 9368
1820 8853
2512 2707
462 4970
1865 5229
2150 8656
2945 8954
4202 6818
217 6004
729 2257
3542 8440
4425 7287
983 6829
4083 9656
3166 4363
1721 5526
4393 8063
4815 6081
953 4340
1766 5885
3191 4665
3811 5580
3265 3952
3081 6201
1994 8765
2768 4120
5675 6401
441 8743
717 8760
1795 7107
3294 4161
4926 8376
1407 1714
6918 8195
5783 9058
2416 2941
1998 4705
2851 4829
4825 7964
4049 8831
3942 9508
1273 7826
3158 5871
4401 6988
1693 5370
2302 7596
5755 8301
1028 2125
6571 7552
5225 7900
5105 9990
2310 7932
748 4644
1087 6729
7596 9724
1117 2909
1850 6454
3790 4783
1758 6969
4839 9560
511 8867
804 9274
6624 6757
6026 8582
3725 4021
1776 2672
1912 8771
2383 9917
4849 5871
7953 8369
4034 7080
2443 9801
3063 9812
2972 5598
357 5485
1686 2455
5153 8412
4062 9936
1675 9207
1703 7824
8086 8569
4694 5492
1485 3421
678 6619
4243 8393
3601 5572
5576 9639
1088 4266
2086 7376
627 1587
4605 7197
4166 5485
294 7270
5265 5625
3974 5782
5873 5932
3299 6148
286 6453
8822 9520
5050 6562
361 9878
1947 8931
397 5149
2350 7112
1520 2049
832 9115
3228 4782
3972 5923
1358 9261
3654 7094
4697 5201
340 1065
4507 7551
3504 6252
2629 7421
179 2587
44 2732
814 9370
1505 6059
890 3678
3706 8133
4184 5114
6137 9271
5137 8789
8146 8288
819 3995
2129 3489
1610 3803
1730 2301
681 9839
1500 9169
7106 9667
7372 7425
231 6480
5223 8587
3453 8555
2077 4907
4816 9076
6585 9746
824 8548
7505 9350
4054 9288
4324 6434
5039 9121
1983 5145
4190 9394
4378 8417
7319 7410
1692 9621
5097 5287
1250 7139
112 5586
1777 5392
1728 9648
3218 9130
83 9354
297 300
5082 7580
1806 8468
328 8187
3876 4495
4938 8433
3290 4328
6577 9887
7322 7812
5027 5423
245 9441
9847 9888
1749 4824
1494 5599
2517 6308
4297 7478
4561 5713
3000 3630
7444 9031
4245 7643
1540 7795
1361 2826
856 9057
4113 5902
5447 5898
935 6290
2852 5591
4666 7801
727 8858
4962 8263
4426 5231
1231 5241
325 5719
2848 7354
4827 5881
4333 8047
30 7300
2585 3998
3823 5695
781 1860
6227 7294
6208 9809
602 5316
208 418
4097 7524
2885 3477
1683 7623
6558 9208
914 4331
1716 2248
172 957
4221 6933
8595 9520
1118 4668
5465 7891
5546 9575
4350 5479
775 3792
3901 8519
7246 8575
293 6269
699 5222
3326 8591
1871 9199
494 3996
5128 8829
2453 3949
8069 9373
8092 8859
2945 7103
4301 7319
629 2818
4842 5910
4492 5598
3753 6408
90 972
1643 2225
5409 9808
2704 9238
318 682
2665 8746
2539 9493
1287 2287
2476 8975
3059 6676
307 6373
4723 6050
5641 9233
262 3888
164 9637
6019 6023
1414 5610
6078 9416
1061 5985
3076 6709
5913 9424
2463 4134
3487 8592
3040 9836
2211 8284
1828 5222
9534 9548
1574 9169
2712 5861
4185 7668
4298 7318
3030 6471
5905 6859
1596 5198
2453 4251
2939 5508
1326 7334
6125 6131
4393 5765
2433 6784
3273 3391
2584 9539
7533 9742
6995 9612
26 4002
2237 5990
506 7227
6704 9300
856 1552
4742 6363
3266 7060
51 3757
6619 7947
8089 9829
6608 6967
1001 6637
2885 5079
2742 5250
1997 8258
2608 7361
6390 9425
2061 3733
292 4186
5139 7498
5704 7863
3589 8324
5117 9300
469 8048
2252 4445
3392 6125
255 4701
3713 7072
110 3616
6340 9980
2181 4154
9073 9458
2054 3270
6393 9251
5918 7871
2213 7695
505 9819
6492 6939
5074 5653
2335 4754
4265 8172
6508 9807
3951 7569
2996 3311
7472 8137
619 6719
3318 8629
4792 6969
1700 5065
2672 4429
2469 3430
2137 5036
2685 5687
3427 9453
2609 9716
983 1717
2073 4136
4696 9418
3043 4646
1001 4572
6081 9387
1768 6778
4270 5478
9193 9762
4271 8596
1765 9089
927 9133
487 5595
6950 9952
5204 7929
3751 9624
1955 6968
1371 6912
4098 9710
5634 8938
661 2462
152 2066
5981 6332
462 6105
5487 8460
9706 9708
6538 8833
1721 1821
3163 9074
3461 5289
6594 9093
673 2365
536 1361
3405 5808
6746 9341
1899 6744
3395 5545
1484 1689
2252 4479
2805 3861
3529 6303
3261 7131
187 3331
4597 8558
3526 6860
1667 8350
5456 5947
4117 8345
3826 8173
3475 9491
839 9276
1773 9277
4349 7082
614 1663
1638 5372
1877 5418
1603 4637
3941 4965
1064 9348
1585 6416
2445 7868
3687 5320
2138 3900
649 2260
888 9344
7663 7809
8964 9041
3853 6952
3564 4056
1595 5447
2862 4840
1672 7360
3308 7385
4291 7799
3124 7848
2618 7418
3507 9875
6619 9339
5747 7046
4296 6400
2145 2739
8875 9775
1801 8032
3841 9971
5657 9271
122 4531
5007 7309
3469 6480
3683 4741
5160 9492
401 5904
573 6987
415 9375
360 8985
791 875
4928 6669
5434 7423
431 9107
1740 6259
4481 6894
716 5555
729 1024
1942 5719
229 8615
1610 9386
564 8859
3478 9701
6749 9519
1651 4582
1775 2961
1993 2548
3918 9088
3791 7915
4259 9909
3345 6556
838 8554
7996 8683
1232 3744
2132 6453
1088 7508
3741 4035
1941 2547
7111 8043
4200 6888
3146 9971
606 9002
6398 9051
2543 8081
2275 9386
791 5026
6330 9552
7474 7862
6896 9772
5441 8733
1052 3791
4897 8761
3889 8218
4977 5571
3932 8377
4463 7117
4785 6236
5243 5281
1565 3403
4904 4969
1665 3197
3974 6695
2685 8748
3488 5173
6855 7616
4011 4499
5973 8565
1085 6431
7807 9590
1586 7209
1975 2731
4369 8587
142 4341
6394 6440
407 3259
2668 9894
991 6815
5459 6973
6223 6996
666 4375
7758 9381
233 9674
581 1413
2474 9163
2691 3877
5443 6967
2290 8285
4783 7971
1224 4044
2410 4414
3172 4038
218 2204
455 7239
4525 4942
334 8620
6243 7648
631 2752
152 2739
6545 8547
1502 5805
428 5135
7573 8342
3804 4242
969 6178
7093 7377
2716 8003
1803 3542
8450 8886
1552 8579
3566 9161
5271 6552
3784 4543
973 9788
4572 5221
1420 9847
3039 9592
1761 7521
376 7833
4099 5807
2840 7127
610 8633
2629 2890
3257 7049
4927 9916
8716 9482
839 896
390 3769
6055 9377
4223 7452
4572 4623
5424 8595
2142 6135
1094 7225
1862 8794
1596 2516
2695 5538
3554 6797
4115 8832
5768 5799
4161 8318
179 8516
1035 6890
1821 9433
6890 7528
1214 1634
2403 7466
3025 6257
6692 9198
557 5640
4562 6976
2312 4632
1372 9284
7267 8947
5138 9756
3089 9180
723 3605
7283 8308
2236 6691
8846 9074
559 3225
4649 9107
3376 4345
904 8413
4662 6004
2154 6293
603 3161
3392 4923
4824 7343
53 691
7016 7149
170 9020
1692 2729
6014 6866
3777 4404
6580 8199
5803 9264
1496 2543
3523 5367
688 6445
4563 6156
3200 5397
3875 8260
9307 9602
598 9302
4046 8049
3365 4604
2633 3018
3794 7393
716 1285
3797 6487
6511 6927
453 2385
4722 5055
730 9296
3343 4884
6263 7966
1850 5714
1463 7501
3668 5960
726 9532
1657 5869
3128 7555
4739 5084
49 1624
1116 9876
3287 7130
3349 8115
8008 9142
6642 8507
2638 7746
72 2529
7452 8600
1212 6764
2936 5245
1313 9281
5575 7461
3161 8017
836 6880
2583 4103
4781 8819
4824 7139
32 9668
1128 8079
4771 7730
7650 9081
6008 7862
1146 5050
3450 6857
5763 7592
2372 7250
5917 7893
1055 4213
3428 9264
2220 9617
4687 8611
1329 2904
70 9153
8813 9575
7469 9099
4553 7911
86 2971
5767 7124
4945 7164
537 782
760 4075
1501 6935
765 6151
7698 9781
1918 3439
300 4382
2848 7769
773 9927
311 1098
2385 4121
2599 7172
3556 3919
3587 8840
294 1008
7358 8005
2484 5438
1012 1178
786 9766
921 3742
4328 6580
159 8100
1646 4281
2456 9104
1312 6067
5217 8560
3288 8752
3464 9194
4898 8435
4063 8580
2588 3037
1104 5796
1659 4674
6791 6937
4166 8332
2508 8682
1817 6093
1975 6526
807 3054
6693 9159
509 9265
4456 9384
3866 5167
278 906
357 543
3825 5367
1497 1836
4193 4666
945 7646
1748 6936
3832 4340
4443 9683
1814 9840
2212 8920
1933 6068
4380 5928
885 5991
1027 6696
4774 5937
117 4585
2259 8019
3613 5497
1241 3351
5689 6950
1196 8748
2651 2884
3824 9065
1455 4693
6209 8206
959 5855
3527 7568
9253 9708
3307 7654
1669 8280
3222 7253
5760 9959
5131 5594
404 9868
1749 6948
5171 6375
6127 6917
2175 3917
6117 6147
6354 9164
3103 4623
1121 3401
3400 6172
3002 3168
798 5523
1033 6189
1700 9914
761 8988
2504 5978
2690 5861
6804 7564
4917 5565
4738 5280
2801 7006
2261 7400
2287 7602
6705 8856
5197 5774
492 1998
2374 5856
3334 5333
2004 4744
793 5945
1538 7175
3776 9021
271 7455
1075 7799
1246 3889
3355 3393
3243 9804
5835 6087
120 4867
158 4585
973 5556
2700 5646
1283 6730
7104 9005
2381 7466
7796 8795
221 5148
380 6140
1350 7627
114 7966
4055 8625
955 1784
1631 6206
2088 6714
7810 9421
4979 9294
6329 9381
92 8705
518 9391
2722 3556
2908 9751
2921 7571
3131 7416
181 8280
743 8341
7712 7942
4392 6364
5539 7439
8913 9991
1629 2788
666 9428
7333 7951
4380 7859
3693 6955
513 765
5364 6263
3858 7962
9628 9932
379 8765
3272 9288
3184 5485
2559 4822
8742 8800
2978 7159
1735 4199
3556 6285
1030 6056
2446 6500
6737 8769
1712 8026
4329 6917
5856 6014
5828 6540
4279 6742
116 3414
6013 7498
1516 3520
208 5190
6148 6857
3333 9609
4069 6966
5214 6871
277 1901
3393 4882
1223 3508
1403 4945
2620 3360
3858 9439
5331 7120
2562 4803
3939 8533
115 8096
2153 7961
50 1088
5041 7263
3237 4386
8436 8900
2300 5584
2227 4997
3031 5303
4848 6610
5736 7389
6794 7894
2908 9743
3430 7437
4327 6873
7166 8037
1011 5616
5620 8052
803 5298
5979 8101
1104 7190
1532 8763
4642 4844
5593 7150
1827 7457
5678 7323
6757 8953
540 6526
5758 8875
107 5806
377 9698
7707 8257
3612 6975
966 5000
8436 8789
3191 9914
3563 8820
1881 8282
1934 6634
880 8999
4299 5223
837 5567
2448 7398
8330 9640
298 9795
9921 9991
4101 6661
4463 7900
3655 8723
2657 4813
3296 4040
3977 8040
3995 4437
3087 5661
5341 9363
1030 2443
3173 6299
3368 9890
3418 6247
2675 7965
1304 4939
1565 5042
476 3579
894 5723
1430 7376
4756 5109
6173 8068
3646 4513
6089 9166
8702 9974
1790 5317
6049 6435
1938 8767
2386 7784
9607 9993
6303 8632
4370 5742
2448 8748
1247 2240
1532 2513
733 4219
3601 8283
5832 6384
5711 9161
1731 8244
7701 9597
410 3320
6729 8898
339 6754
6967 9653
9052 9157
1726 3999
1316 5522
6801 8715
3513 5022
7568 8083
2828 9563
4700 9617
8536 8864
5968 7684
31 1605
5580 5692
2475 7526
4487 8720
839 1028
2965 7400
4939 8091
2495 8359
2623 9708
1154 3948
2650 8209
623 7541
1983 8472
5502 5773
5730 7005
1845 3713
6734 7955
9477 9893
1460 8411
9389 9858
7663 9717
497 4976
5590 8823
1942 7853
4899 9188
1683 6087
682 9599
2975 5090
2985 5573
3671 7825
5534 6209
223 8816
5550 6105
7313 9296
3347 7491
6823 9274
5183 9426
7023 7054
3122 7832
2616 7868
834 3146
699 8118
22 2614
1711 2678
3471 8509
1837 1990
3097 7015
352 8657
2642 6190
1952 2631
5496 6897
3693 8410
978 7489
1799 1823
3263 8604
1706 1725
1399 9207
155 1299
2949 4169
7502 9513
2395 8597
4811 5066
9250 9346
3652 5278
2143 4557
2723 8116
3273 5396
2078 3910
6451 7773
991 6213
2984 9653
315 9981
1613 4613
780 7019
556 2453
3463 5007
1255 3167
323 9449
6204 7372
7163 7754
3393 4496
1226 5791
7001 8056
288 5429
527 1886
9711 9856
7204 7710
3203 7334
123 8253
4027 4129
679 3742
5182 8298
543 4532
6010 6406
3407 3992
3094 5176
289 1726
808 1450
3590 5805
1740 9796
6416 8770
3270 4478
3061 7183
7400 7513
3587 9633
1536 8221
2977 8987
2038 5591
3018 9571
1193 4252
4976 7097
2183 3389
1779 3987
3451 5075
791 4142
1753 2429
8180 8915
2207 4311
1372 1825
3292 8276
3640 4070
2154 7417
3235 8143
1684 8121
5940 6952
2910 8923
23 6716
9357 9988
2095 9705
2152 6394
6038 8694
3253 8922
3346 5876
3709 8187
818 6775
7603 9908
689 8859
3299 5263
2674 5166
467 5329
1199 8039
9124 9995
5036 6594
8802 9392
2923 3691
275 7790
1890 3375
4754 7311
4992 9665
118 4757
4427 5751
251 1496
410 9731
771 7673
1405 2448
897 4208
1212 5096
1025 1313
3670 9635
566 9990
5127 5467
9903 9968
392 7594
8716 9960
6622 7987
425 4748
3910 5832
5265 5741
2797 6876
3117 6473
479 864
4392 9915
3499 8912
2486 4898
197 9767
4223 6586
314 4061
654 2913
7416 9753
2442 3673
4866 5380
6412 8222
1278 8403
3606 7808
4323 4392
550 5994
4879 9446
4182 9263
3824 5031
5445 8595
4489 4790
6191 7950
1262 1836
3230 6833
2879 3422
4493 6087
7250 8589
6720 7225
3448 8880
5605 7284
1551 3555
5077 7826
1726 9629
364 518
1169 3834
6926 9077
5255 8233
1492 1557
4843 7909
7649 8119
978 5072
8884 9010
6079 7752
2085 7767
3712 8842
811 7365
3939 9284
4096 9712
568 3715
1798 4646
5520 6326
5662 6821
2336 9692
6288 7487
2112 6796
2591 3786
623 6123
7438 7558
1862 5396
4253 9790
2129 4873
593 3202
4791 8584
3897 4283
1329 7517
1857 8711
5259 7980
2953 5011
1707 8247
56 3333
3619 5948
2935 8817
5451 6112
3789 5079
3179 8422
897 6202
4205 4742
4414 6347
945 1381
7 9596
2171 3732
14 9182
2090 8837
4721 9636
2630 2825
7969 9570
615 8141
5100 9761
3910 9088
1964 5859
3443 3615
2515 2539
4583 8453
5015 7816
4834 7322
3157 5623
2213 3381
7567 7836
2677 8390
3647 7053
4541 6377
3571 5706
5030 7576
2170 7086
6174 7356
3457 6700
835 4187
8554 9325
823 7891
771 9447
6759 9788
456 2854
251 9781
2883 4130
522 1129
4469 5446
367 4903
1682 6417
6213 6667
3369 5419
2691 4076
7265 9874
5146 6304
7404 8764
2425 9328
1598 4628
1900 7416
2238 4976
4069 8761
5587 8197
6723 9382
1108 5495
5952 8074
239 1833
2235 2413
4194 4531
2083 3922
2653 5721
5590 8214
3633 3848
745 9667
3194 8430
8007 8919
2853 6110
6467 7681
3330 8120
7331 8951
4950 6297
1982 3721
7581 8455
4463 6795
1409 5179
1599 2467
3712 8110
2948 8739
963 7532
3041 8623
2122 7877
426 3900
3060 3228
518 9836
5580 5727
5074 7883
5394 9257
5293 5504
1400 4957
1211 6636
5213 8029
5744 9651
1543 7066
261 1972
2513 8729
6012 9263
401 3966
1297 9171
1691 5034
6293 6981
4768 5276
973 7819
3863 4476
5410 6779
921 5350
1276 1348
641 5132
2205 9335
860 4952
4331 9687
3654 9844
5281 8454
3519 9057
2272 3392
6177 7335
1324 2546
4326 6153
5373 5395
4802 7118
3193 5424
286 6942
2374 5157
1204 2162
3789 8665
2110 7921
5096 9585
759 7295
7230 8835
2410 8222
1404 6356
9951 9983
3896 7494
6827 8964
5361 9119
722 3680
344 4507
2368 6577
3592 3762
6799 9756
2869 8241
825 2392
1596 3955
67 9601
3906 9582
1042 1888
678 3146
2522 4059
3560 5509
6668 8647
1344 6691
6049 9656
1444 5158
2009 6361
5340 8370
854 1226
797 4818
592 4879
1764 2782
5779 6117
2812 4662
6980 7439
3106 3996
1532 2010
2606 6803
8159 9665
7435 8459
8601 8835
1 2922
286 1537
2519 7880
3391 5379
835 9351
1404 8263
4187 8560
2105 4258
5427 6973
1944 6430
70 4667
4909 9051
6809 9963
5203 8107
883 5032
281 8086
2004 2093
534 3443
3720 4099
1961 8502
3123 3657
4839 8262
4829 7098
7576 7836
6856 9379
3340 3502
73 3539
2721 5999
3562 5039
549 9133
6697 7130
5559 8861
2116 3492
1433 4805
969 2125
825 5422
1094 2121
1802 8699
769 1821
1951 2407
4999 6179
499 7228
1679 3124
9948 9973
8343 9216
202 3823
132 2701
7170 9383
4330 4764
9755 9876
2969 8365
6445 9807
1725 5168
1956 2735
2375 9024
2554 7764
166 9866
555 4866
1945 3560
4226 4257
7372 7952
3646 4420
9112 9912
7154 7474
4957 7277
3592 9747
6873 8901
1735 6851
3287 6424
2000 5963
3972 9221
325 8200
338 1121
5849 6670
3292 3359
5398 7138
750 1786
7091 8052
4477 5017
6379 9966
4562 6273
2529 9494
273 2050
1128 2834
692 5202
5966 9957
7659 8681
3322 7144
995 6572
5851 8249
6288 7506
9311 9835
6596 9344
4151 9853
1807 9646
2848 4696
2808 9055
8833 9526
4219 6631
2282 9424
1323 5096
4975 7130
45 7118
3354 8156
4656 8577
218 3327
8439 9941
1597 5039
5935 6661
5994 6263
6269 9967
3445 5122
132 961
1674 8252
1807 6836
5507 6794
3599 5574
5474 5699
2407 6054
5121 5563
1378 4171
4493 5613
2489 4616
6761 9581
3617 6491
1714 9978
3767 4409
2120 7339
2269 4664
775 4523
155 3916
5464 5928
1912 7394
976 4481
2516 7983
3545 3735
1502 5464
1744 4304
7672 8038
4999 6892
5955 9499
3039 8901
1491 1924
2064 6609
1408 4459
8902 9699
4747 8550
2728 7750
4029 6796
4484 6126
4439 5396
2864 4248
1612 3560
4775 6335
5552 6560
1562 7618
1136 9154
2708 3989
3104 7497
5901 9536
590 4356
125 2237
6029 7280
4682 9267
5097 5391
244 2932
4862 9485
429 2679
7214 7267
1972 7167
1349 7747
578 7619
3690 7158
2096 4516
7834 9696
1411 7314
5792 6786
5073 8852
7752 8133
5134 7391
5065 9301
1361 1881
1245 1744
4035 6957
1120 7230
7625 9678
372 8868
2322 2921
6737 9193
2731 5423
2579 5498
3987 7879
2776 6424
1587 5989
2611 7465
1588 2496
613 5441
1878 4899
4496 5111
2852 9590
3398 6435
7737 9126
326 4416
6554 9332
1838 4867
6058 8843
6258 9048
4729 4840
1306 7357
3693 4741
340 7765
296 3908
365 1798
5494 6942
2341 4891
643 1687
1608 5050
5035 7678
2297 7021
4168 5926
4251 6860
6912 9473
5106 8468
7905 9460
3903 7159
2938 7450
2198 4698
1597 9232
2117 2983
4116 4612
1739 4539
1827 5191
71 3226
1073 9450
5210 8683
737 4366
7966 9874
1969 7004
2793 4211
3195 3797
5142 9798
613 2948
19 859
1553 3203
814 8113
1500 5023
3220 8265
5837 6990
2619 3942
8233 9102
2721 9530
6303 7439
880 3301
7001 8685
8075 9319
2459 6669
8442 9990
1260 8321
2824 9410
2774 5180
2626 6742
5909 6922
4757 6835
3387 6638
6675 9587
6831 8203
3680 7546
169 1406
7800 9705
586 8626
5320 5518
5314 7926
4631 9411
8687 9414
1001 1169
1104 4843
3021 4476
1436 3991
1553 9360
558 3114
4972 7156
1384 4197
8364 9966
310 536
2126 3832
1380 6962
2148 9710
5756 9974
1254 3392
3752 7752
1489 9282
3655 8564
7585 8336
2589 7501
6138 9885
2282 4096
1855 5007
7964 8259
967 6601
3561 7075
7431 9628
2064 6325
641 9178
53 8250
4053 8763
5995 9489
508 2156
1462 8597
1735 3613
2697 6364
3386 6090
1174 6704
2357 3262
3811 7712
4901 6727
2582 5784
4521 4866
6132 6505
3909 3989
3261 6769
2242 6635
3379 4618
683 2763
5211 5578
570 9908
3074 4756
2211 7983
744 2715
3425 9201
6054 7549
3735 6943
2098 8667
2966 7904
2359 8595
340 9804
656 6593
1017 2175
3318 9328
3458 6265
63 7824
6607 8632
2034 8860
4270 7590
830 5158
890 7925
2252 7945
2226 5780
5361 7477
994 1372
3240 9637
16 1354
4450 6781
1891 3397
3841 5529
5476 7834
6425 9096
3151 8971
3781 6414
1162 7940
282 7942
3231 7183
29 3229
3715 5061
8458 9977
1501 2734
7939 9800
6401 6440
468 2845
1016 1275
1619 8111
1560 9788
1182 3359
5264 6430
905 4495
8205 9945
7808 9585
8564 8922
1601 5348
4251 5581
322 4427
552 984
5713 6608
90 7736
5750 9273
3045 4002
3039 8329
2704 9767
4509 7185
2253 7533
3544 4429
2028 3061
2287 3638
1367 4417
7362 7708
146 5656
2358 3204
4042 5745
305 712
3072 4220
606 9409
4258 7184
5873 9519
1734 6155
4431 5293
5587 6580
5771 6164
3165 5199
4981 8623
3224 8016
722 775
4566 5844
2563 9538
4979 7767
4030 6279
401 2460
4478 9019
2840 6650
4324 4984
309 5688
1788 9240
5631 6012
5359 8499
3653 9847
3893 8309
298 4153
2723 8402
5160 8534
3417 4333
4008 5635
5646 6415
6206 8868
5251 5416
6629 7139
3825 4796
1734 8779
1401 4567
5598 7527
2420 8830
7993 8941
1365 4195
2676 3486
1939 4399
5330 9003
261 5584
10 8319
2517 5894
1674 7881
3985 9794
3783 6346
835 4334
95 9858
5660 8832
4400 9284
506 5240
8317 9965
30 9463
3938 6356
7548 7936
2077 4783
446 6320
3567 3731
1057 6926
1521 5093
1178 5535
2172 7034
1847 1886
1679 3480
2855 3165
3286 8771
1283 6035
4091 8609
3204 4495
3159 8198
1294 4501
3459 7858
1160 3899
5666 9673
24 9629
2822 5011
293 3452
7666 8752
5660 8630
3712 9986
2284 6588
6016 9758
8325 8325
2625 8120
1222 3409
5939 8174
7732 9758
4175 6836
59 2878
4328 8017
664 1169
527 9844
5644 9173
7151 7914
7973 9365
2024 3303
809 6062
4257 6378
5643 8641
5559 9778
2299 5388
1988 2457
1497 5847
4431 5752
1705 6543
5140 9578
2319 6385
4636 8282
4150 5860
2659 9242
928 1818
3177 7753
1519 5151
3628 4173
2758 7258
3335 7014
8552 9070
7451 8978
3066 7941
2142 7754
7888 9144
5895 9990
543 8231
2694 3444
1073 5151
6208 8155
6506 8595
588 6608
5208 9685
2354 2618
2672 4297
2766 9548
1637 7563
5756 9730
3672 8815
6624 9990
2242 5250
8535 9505
7284 9949
1778 8630
6147 6519
4792 5441
7241 9220
5227 6326
1742 7470
2063 8151
7238 7933
2892 3511
1841 2831
2101 5705
8450 9422
2988 9584
7251 9125
3640 3662
6688 9122
2947 7698
733 8673
4369 4773
1548 8199
349 8055
4531 6991
648 4114
694 7832
7745 8953
7895 9499
5514 8687
6933 7798
4515 8924
625 1179
1437 3740
3081 3538
4488 5181
2866 8803
6639 8902
3737 3987
1447 8412
376 5999
216 2952
5051 6590
985 7777
2375 5970
2021 9764
2386 5013
6276 6881
7689 7986
5305 9303
2780 4092
5216 5633
2815 9437
6263 6660
5353 5465
6677 8894
2343 7262
1305 4980
3203 6278
412 8550
3625 7196
175 5011
147 4791
11 1011
3942 9831
5431 8435
5746 5931
1380 8445
4592 9531
356 2232
972 1131
5472 9026
1251 9669
2372 4401
5646 9514
4031 9731
100 7168
5571 8941
6513 7009
6303 7583
1914 8629
87 7240
1863 4269
1215 5882
5484 8034
6470 8646
1658 6207
10 8752
2943 6733
5656 6637
547 943
2600 9988
2934 5801
4764 7492
5124 7914
1659 4890
2840 5953
601 8096
7073 7501
4389 6049
116 3188
4045 6112
8664 9992
1893 3373
5046 6277
488 2790
6108 6869
2917 7507
6662 9485
3200 4849
4385 9187
5646 9949
5121 6158
9845 9848
6868 9534
1852 6188
590 3362
3417 8037
5527 8320
3738 9122
4092 8046
4090 7811
1796 2190
2456 4446
2110 5195
687 9334
8219 9427
2720 6151
6151 7612
661 4209
6042 7667
5010 6395
7081 8557
1059 6876
4986 7687
299 4072
4811 6818
7334 9972
9382 9698
6328 7905
5436 5736
2089 9909
5045 5653
7551 9444
2339 8484
3357 5033
1395 7496
2293 4119
1911 2694
5889 8401
7823 9481
666 9053
3012 9825
3294 6871
153 4395
5743 9688
17 5223
1620 5388
1474 3148
6266 8912
686 6350
4712 9472
2068 4029
1625 9138
5672 9140
3103 3432
6753 8513
2655 7161
319 4502
1397 4113
38 7407
4527 4833
666 6004
534 6863
694 3232
29 9955
1411 2375
3299 8375
6480 6672
1772 5175
1650 3964
1373 5173
2940 2941
3858 8727
7961 8601
1535 9876
7079 9256
3796 8410
5482 8341
4444 8436
6257 7274
1792 9276
3 6699
1323 5647
4824 8931
770 945
2992 6090
1620 4048
5880 8507
570 5435
3869 8981
3667 9379
1466 5193
897 1323
1620 5264
6396 8190
6618 8153
5610 5883
761 2162
1526 7346
5593 8898
2238 6771
513 5606
6672 7277
2827 5841
7621 7645
3923 5820
213 9518
3604 9471
1247 8910
1471 4036
2919 9952
6828 7227
3939 4935
76 1766
960 8081
259 2552
856 7844
2200 3181
2407 7111
650 3352
2699 9174
363 3419
1102 2526
76 8815
3264 6571
7824 9052
153 7568
6560 8566
366 4441
2862 7199
3246 7959
1216 3178
503 7609
5313 6332
1927 6523
2982 6307
8936 9986
5106 6931
2897 6764
4377 9042
1973 8586
1440 6812
151 5733
7886 8872
4861 6392
7236 9317
5829 8128
7810 8285
4002 8280
443 5942
3765 4060
4155 5044
7060 7162
4552 4618
404 2076
2217 3966
3351 8151
9059 9213
8111 8192
897 9029
727 7729
289 1649
3739 9425
1265 8834
2481 3957
6949 9315
2323 4985
3507 4252
7525 9361
4596 4810
2414 4180
3711 8965
3382 6830
653 4021
2227 8321
4506 9654
3645 5899
3588 4328
299 8580
1232 9888
4411 8079
3554 8835
498 5848
6207 6878
7214 9097
6139 7009
4268 4582
4763 8849
5558 9456
61 4761
55 5987
2039 6154
5803 9764
7862 8167
5998 9101
2557 2589
297 6470
4015 9679
1738 2295
3290 4955
4510 7619
4231 9783
3708 4957
1008 8509
2368 3748
5774 9814
5482 9323
3286 7919
1911 8157
3320 4142
6461 6708
705 7120
1002 6230
1159 7598
3395 5359
355 2333
7252 8268
6888 7526
587 8296
2140 2450
3618 8040
750 1204
1122 8811
43 468
5321 8934
1073 5930
742 3546
7704 8982
1159 9485
3274 5066
482 5052
3640 7946
2926 3893
879 5633
1010 7408
5192 8802
761 6171
708 8451
259 3031
1172 9025
3953 8000
9067 9076
3916 8209
963 3613
179 7249
717 2055
2763 7419
3876 7747
1568 5238
7041 8726
7268 9383
3933 9338
1098 4052
4383 6156
6424 7922
2955 4727
4796 9893
89 4291
3477 3683
3783 7653
113 1463
5282 6500
1116 8141
164 5999
7391 8115
813 4504
4450 9243
2834 3315
9156 9845
4135 4152
1449 8404
1730 6685
6179 8659
1037 5700
4336 4346
7040 7306
6697 7347
6700 6847
1678 4157
2442 8843
8695 9105
6865 9513
305 5207
3005 6554
4920 8617
579 5302
205 493
213 4064
3310 6004
1220 3389
691 3540
9619 9752
3044 5680
8894 9011
4574 6864
1695 8083
2479 6975
120 9857
2886 5885
7839 9603
126 5464
13 4361
3453 8621
8961 9416
2894 6434
7774 9944
8043 9239
3328 3653
6022 7919
5940 9667
7059 8951
4836 8534
4118 7144
4650 8028
1537 9893
75 770
4388 6383
6448 8576
942 3141
6164 9353
355 8610
5325 8139
4040 5948
5419 8779
1013 9671
559 3646
6705 7231
4536 8141
4630 9781
291 1432
1474 4182
1732 3883
8710 9451
3765 5306
2693 8042
1941 6756
771 5791
1534 2519
1791 2039
6285 7939
2857 6327
5244 8120
404 8721
3164 5063
5407 9663
2782 3919
6308 8246
4850 9669
1706 4393
6389 8556
1329 5653
4329 6129
3410 9711
5677 7065
37 1508
420 7839
1197 3996
1850 4800
4131 9272
861 7098
1745 4140
6176 9442
3434 8760
3428 6126
2496 7492
1141 8846
1995 6166
2973 8254
1849 8501
3443 7330
2856 5125
2576 9811
69 4909
6810 7142
754 3149
1208 9209
2938 8126
3768 7528
207 7567
1834 6440
3518 4296
6336 9598
1455 3080
1652 1961
3404 6618
244 5116
1904 5943
3602 8653
481 9280
621 6398
1700 2259
1241 2254
6022 7307
2702 3538
1333 4387
5255 6825
4764 5145
8986 9307
1882 3929
3116 6653
2320 6710
1262 9786
3652 3926
4795 7135
4735 6716
813 1023
6418 6436
427 4595
1671 6595
103 1851
333 9234
724 4674
315 6281
9053 9211
2346 7997
1490 1548
807 9386
3361 6691
3871 4053
2 1187
1553 3570
3438 7205
6089 8828
5560 5710
172 10000
6372 7126
6211 9726
6820 7923
2494 5360
119 3563
3429 6592
2136 6511
4378 8031
8868 9203
732 6828
3095 5318
282 6796
2914 5285
1903 3954
5202 6472
5188 5217
2995 3198
4071 9621
1786 6149
6318 9687
9200 9771
4059 4910
132 3001
4931 9629
5285 5932
5513 8338
6703 9682
2997 7240
1404 5715
4052 5987
3277 5930
639 5345
1544 8448
4119 6141
393 9285
1390 4522
2218 7207
4522 4832
1201 8780
1266 9741
2285 9620
1073 1964
4007 8718
917 9760
2129 9208
1576 5512
1248 2302
2868 9449
2195 5732
4269 8652
4550 7772
4005 8816
56 4827
3510 5721
3202 6270
5366 8084
210 4185
2377 9753
3776 4345
4914 4983
2301 4055
2487 5322
1417 9191
1759 8186
1401 5529
3822 4820
653 2627
251 4518
440 1292
4247 5035
5210 6983
2222 6867
1858 8653
6814 9733
5863 7369
4938 9348
1678 7799
6985 7275
1844 7164
1720 5004
4349 7298
2728 6401
2156 9881
6686 9309
2260 3136
2646 8476
1524 3765
3197 6006
4859 4881
7535 8056
8226 9789
679 5604
4545 4818
7046 9093
8188 9618
326 4622
309 6979
1290 3169
3938 4680
3684 8313
384 6811
1378 9669
3667 8699
1357 4318
1602 9503
6178 6251
2007 7325
237 1423
2671 4411
5868 8145
3475 3868
4797 5770
2472 3156
2428 8147
3488 8092
2509 3022
4485 5353
256 2547
1250 4276
7174 8352
3966 8761
3923 6953
7332 8820
939 6035
1737 6991
4545 9303
1088 9479
5734 8171
1419 3101
1124 3029
512 7114
2027 5595
5288 9712
1863 2588
4921 5426
1848 8702
2216 8920
5628 6772
2382 3048
695 5542
3280 5006
4092 4686
85 7177
4136 8505
1990 8719
216 3393
3030 9360
401 6682
2143 7399
6652 7251
7543 8331
5229 8562
7184 7919
1453 4441
1064 7022
1302 3211
1370 5734
1384 6302
6438 6825
3090 5626
696 8080
5168 8227
2186 5011
4820 9403
156 2127
923 2748
4501 9034
5308 6606
4124 9875
3747 6623
3210 5440
5297 7902
498 2907
2424 4434
3660 4478
8409 9611
2015 6638
6883 7529
6668 7220
1450 6783
132 3460
93 5061
3769 9538
2164 2964
2813 6185
3294 6951
660 8675
283 2928
532 9903
2182 4537
4416 4574
6689 9789
1264 3252
367 1368
3583 4923
8628 8812
293 5337
1032 8656
5292 8718
3748 8837
1177 7312
7855 7935
9071 9404
7177 9280
9241 9459
3895 7588
1767 9504
8918 8979
785 9732
631 922
6970 9889
6706 7865
396 3388
73 5284
7162 9669
3395 8101
1484 9587
1725 9362
4548 6678
2112 4662
503 3124
2972 7090
3589 8999
925 6139
2350 6518
6463 7475
1657 6285
985 4928
3757 4461
2320 6236
2829 9469
3597 5275
1004 8349
5987 6573
462 6770
1206 3889
2658 6097
8016 8875
1632 8906
1610 7875
5948 8548
334 7685
2631 8616
2922 7171
3390 8179
2174 6996
4893 8271
1009 7645
2692 3093
1176 7953
2145 6316
1776 9404
3668 6695
4910 8083
4954 8647
1161 1990
6954 7175
3116 6223
2302 5745
310 1226
3721 4281
1392 5161
2381 3595
6665 8262
880 4623
126 1205
6975 9773
1109 9731
6229 8628
8968 9101
736 1099
1882 3144
1052 6792
9507 9994
635 9466
5212 6615
6394 9617
66 8048
4959 8789
6113 7721
910 4111
60 4858
4068 4636
2896 4891
3585 9160
1565 3118
3836 7331
1918 6813
125 8354
2137 2800
1597 3019
6357 8997
3225 8991
7206 7827
3222 3815
1081 4968
919 2197
4511 6958
4779 8633
4428 9186
7725 9005
4167 6498
5513 9022
1247 6187
1587 9695
1108 7748
2106 5504
1129 6013
4538 6773
2947 6538
5055 8389
4986 9589
939 8555
5016 8525
2477 7804
3144 7118
678 3423
4744 9560
1181 4525
7423 9450
2653 9923
1374 4515
945 5280
2715 2890
5617 7008
172 5478
1268 2417
5778 6014
416 7001
1032 5950
9351 9592
5738 9742
2394 5605
1765 7552
7334 9074
2169 7313
6203 7898
5058 9143
3481 7961
5175 6927
398 7980
2426 6692
4817 9940
3495 5148
1812 3220
2081 9637
649 6770
5550 8059
4411 5417
1738 7928
33 494
4557 6092
6900 9476
3803 6353
3613 9469
1110 9630
1608 4453
277 9624
4798 6491
6140 6646
3011 5916
6174 9874
2028 9553
6969 9184
4236 5451
1543 5481
2921 7273
3116 3909
1614 7340
64 2695
3039 5837
902 5001
2648 3871
1363 8801
5353 7871
1336 9374
5344 9577
485 642
1875 5294
1666 6802
6211 7870
5712 9460
4528 9864
9293 9406
578 3966
3203 4441
21 8983
8109 8509
85 8272
65 453
1225 2883
5922 7550
8108 9086
1543 6618
2619 9010
3041 7576
6047 7632
1083 2672
452 7568
6303 7648
843 1282
7581 9564
1353 1847
2508 9367
2567 7201
567 9304
718 2046
6118 7080
2003 5616
6088 6802
1678 8145
983 3161
2047 2903
176 7504
6836 8094
2236 8857
267 9771
2294 6604
1795 2037
8301 8764
3770 4063
409 9782
1354 1883
642 5359
3133 5978
1872 5170
2102 5213
3672 9635
815 8593
8029 8903
1657 9495
2145 9636
5373 7831
2510 8316
2932 7993
2215 5693
725 2807
4566 5691
4009 5562
4371 9571
4713 6772
279 5214
4811 7808
2482 4250
267 3199
5046 8023
134 7785
1645 6063
4046 9980
3931 9173
3173 6376
1575 6315
2892 4181
1633 4636
2761 9176
2204 9465
6764 7460
6277 6787
3794 9211
1318 1527
5233 7017
5036 8164
6745 6807
5693 6601
6521 7720
531 4077
1920 4618
5251 8579
879 5123
4961 5358
1269 8032
2079 9419
549 1713
4088 6458
39 4856
3782 5115
1648 6332
4521 6872
248 1045
3711 4721
382 9089
1161 8365
4359 9668
2515 3692
3337 3898
1046 4689
1376 3637
1095 7600
379 8056
2132 5803
6268 6967
5457 7611
2227 9968
124 3216
3563 7132
1211 4546
1903 8568
4936 9903
6306 7659
3187 6234
1675 4094
876 6686
1050 5233
5050 5504
2101 2708
466 3962
1484 4811
586 3746
2848 7144
6837 9403
1927 5454
7749 9763
1243 6192
7719 9917
796 1764
2774 7753
4296 6721
3577 6786
2796 5098
1402 1628
286 7460
2687 4742
2074 6335
2485 3838
1845 6363
2464 3176
2684 7973
6122 9324
269 1715
432 6319
4395 6687
4162 5356
8379 8926
1455 9191
3394 5790
1096 5685
533 4078
6649 8223
1483 9921
1082 8379
1256 4999
599 6363
455 9466
6466 8369
1603 6737
3512 5672
2857 8104
586 1127
3087 8974
2242 9148
4406 9486
3774 7180
3039 6454
1983 7825
4393 4440
1149 6785
8355 9183
6085 6233
1537 1606
2383 4779
3609 7237
3154 9678
3356 8177
3098 3301
3223 4384
4133 7091
8922 8959
3896 4185
7841 9394
2272 7973
460 4052
1234 5428
6641 7877
3000 7679
518 560
3635 7221
3657 8856
3825 6647
90 3965
3543 7742
8358 8869
6295 8377
5778 8610
1353 8013
579 8157
1943 4039
3295 8446
2087 7673
1878 4888
8901 9597
998 9109
661 5428
2251 4603
1103 9632
5122 8364
6217 8586
7626 9407
4725 9483
1196 1670
5868 7746
325 3496
1601 8394
6198 8455
3113 9572
5451 9373
7013 7475
4368 5597
6515 7928
1299 7094
4186 9086
3124 3147
2097 2515
5986 7969
5874 7451
4142 4905
787 7258
5373 5761
3999 9792
285 5874
2178 3567
1173 5753
2812 6991
1313 3152
6379 9430
4255 5330
5676 9428
2990 6312
31 9300
1550 2454
733 7691
352 3719
3690 8194
5612 7571
5806 7121
5654 9051
5351 9727
1112 3768
4601 5073
59 2164
3335 5572
4662 7528
2252 2635
2017 8334
8277 9418
1427 2527
6317 6661
679 6432
7502 9549
4904 6230
1773 2915
3339 9130
5805 6596
2098 8456
4697 6133
6879 8579
4268 7015
5538 9257
275 6691
569 4705
7444 9690
3846 6810
1891 2168
4029 6527
2114 4233
8675 9263
3110 7782
4378 5067
3411 3709
5932 8254
749 3856
4940 5109
8057 9811
4856 8813
6505 9016
5817 6858
11 2026
2100 5645
1534 1547
3565 4404
7090 9750
622 8021
231 6711
1525 6103
4665 7518
3147 5444
6528 7592
226 8118
4170 5986
2044 7836
5322 9918
3274 4750
3648 9353
1031 9919
3132 5511
130 4246
3609 7771
6765 7166
5514 8566
2208 8103
1235 2304
8508 9520
3227 4160
5314 5732
1383 4638
6745 8764
1419 8212
3821 6658
2666 4150
2211 3869
1556 3043
3809 4662
629 4220
1645 9189
4646 6705
1712 5318
1085 6524
1242 8772
352 2717
3616 7927
3014 7028
4700 6920
6374 9787
7150 7977
1357 2245
1103 4644
1897 7382
4663 7202
7536 9665
5323 9041
3857 4143
2791 7795
133 7156
1672 2731
328 3742
7762 8130
6071 8798
5732 8265
9504 9580
5233 7532
3640 4548
698 8724
1525 5432
2666 7261
2229 5163
7157 8768
1322 7437
2061 7734
1126 2402
4575 7027
808 7637
5377 8917
6809 8279
676 8374
4615 9334
4499 9294
132 9242
2260 4143
2350 4702
7220 7348
8132 9847
217 4908
1993 8086
2162 2839
808 1906
4075 6730
623 3236
3209 6209
1263 8217
3505 4723
8448 8755
8915 9949
3403 6645
1350 2309
1953 7073
3904 9532
5113 9269
179 1606
7530 9475
5768 8107
943 6732
717 3106
1983 8316
751 8735
2448 5904
3176 5558
467 3451
2396 4437
1672 2461
1929 5815
180 487
1294 9813
4478 4489
7145 9355
5142 7828
2343 6118
1689 8445
3421 3466
3046 9063
2049 9375
2334 4797
2426 4724
975 3120
2842 3501
4299 6253
4870 9121
567 3590
2185 2524
3235 6191
431 9481
1514 7499
1798 6981
720 9159
6069 6811
1990 3965
1569 9141
2138 7626
2450 8966
7057 7476
4450 9173
998 9763
5426 6654
5476 9751
3086 5822
5694 8910
6726 7753
3418 7475
6042 9834
6501 6548
2390 3103
3610 6491
3213 3897
227 5053
987 7033
7649 9040
1688 5607
757 4733
3092 3442
1467 3682
4491 8790
288 1267
971 2268
5095 6518
1647 7089
3804 7677
760 2832
4952 8522
3059 9549
3845 4188
486 8965
6127 7423
511 1864
986 9624
1553 5381
6140 8213
6398 8192
4176 6382
4460 6242
3263 9245
139 8117
2227 6441
4378 4908
4571 8628
2200 9995
6314 8427
1146 9623
980 6134
4800 7740
1721 3590
7377 8941
2763 9858
2373 8707
2668 5716
399 5532
7866 8114
1223 3123
2922 9547
3589 6851
2447 8081
494 6555
2670 3525
8607 9882
1188 6467
955 9084
407 9501
2777 8321
5001 7921
4771 9012
7879 8978
1928 9555
260 403
3229 9960
915 5665
2946 8594
7367 9373
1206 9783
5252 8530
5233 8208
5601 5864
4451 9863
6029 7212
3345 9134
530 7147
5477 5986
1550 6825
2142 3223
7894 8961
4942 7373
5796 9216
2863 8911
600 3799
4694 5516
1318 7464
2234 7023
1479 8254
1113 3156
2827 8385
1166 4391
3418 6419
8249 8593
1357 5360
134 2041
2685 9537
256 2522
2094 2507
3052 4791
3066 3550
9391 9964
667 9790
2941 5348
5351 6757
8387 9682
2890 8469
5195 9300
4795 8472
2373 6406
1924 7483
2898 4229
2578 6028
5015 7203
720 3927
6391 7359
144 5041
3087 8294
1477 9738
4006 5755
2988 3830
1478 4310
2789 5517
9546 9713
1363 1583
1222 9172
1148 9409
3523 6537
4071 8983
1732 5909
1341 8446
5434 8878
5380 9771
6958 9726
3758 6354
733 7647
1149 1270
487 7204
5652 9822
1977 4659
1235 1881
2371 3100
3656 8721
655 7999
1925 3281
3269 7440
4015 9447
2384 3566
3195 4042
2821 3420
1285 3844
2587 7663
1891 8771
5031 7540
2411 5844
2746 2986
4107 4253
4855 8922
3734 4982
2421 2947
291 951
2803 7406
2075 8081
2030 5423
6074 7160
1373 3106
3147 4387
2593 9073
1175 8074
7626 9391
4850 7640
523 6473
449 5844
3643 4565
1367 3298
2535 3892
6303 7375
1263 1993
6231 9791
4986 9686
4284 9015
8896 9680
7130 8099
8063 9412
2842 3746
914 7790
1600 9856
2753 5191
2006 7058
1163 7833
2543 6511
858 2899
3817 8610
2966 8208
1284 6714
2746 2903
4482 5416
5814 7090
3836 4722
2827 8678
9219 9951
1522 6915
2893 4015
3325 8625
4793 5177
335 9985
3416 6750
4724 5335
7686 9784
3057 4076
321 8315
1320 9127
7035 8820
941 4488
587 5375
336 7819
6437 6567
3616 6698
2331 6080
4953 6813
6000 6011
1179 6131
1210 2630
5951 9903
3771 8571
737 6211
1730 3573
2373 6161
2688 3500
1805 8042
3080 3910
2992 6401
121 6191
904 8265
412 9963
1572 7706
2861 9249
7612 9444
323 3041
4229 7745
4392 8326
3461 8601
5769 6826
1175 8397
1466 9275
1354 8504
6082 6980
8521 8536
950 3728
1094 7253
6345 7700
4984 8403
2898 4882
552 2092
2443 2618
712 4854
5351 9307
6448 6929
600 2660
2664 7075
1094 5419
7776 8711
5578 9238
2650 8500
95 2344
2963 7969
25 3842
3231 5190
8162 8933
8214 9404
4648 9930
1038 3163
3393 4352
2079 3419
37 8949
1548 4263
7073 7867
9602 9747
5372 8429
348 3230
4283 8301
1766 4513
4922 6522
124 8540
1317 6403
2781 4049
2538 3773
5183 8514
3799 6246
6598 7031
5234 5763
4042 4660
4797 6088
461 2681
1053 6434
3631 7408
3842 5557
1981 9300
2440 5991
2849 5929
3815 9600
4016 6633
3943 8187
700 7018
942 5593
1003 8233
1639 6095
44 4365
140 4774
7331 7464
905 3424
6135 6416
6255 8986
1633 1893
1529 6940
2392 3761
6261 9211
312 3557
1236 4364
2254 9277
4413 4631
607 2662
1269 6233
1126 4004
3438 6278
352 7286
510 6237
3506 4315
1040 9366
1702 9370
4192 8780
1642 7557
5345 7098
3408 8798
5397 6261
562 7045
86 6945
8263 8331
162 9929
149 878
3772 4695
279 3488
1820 5058
3653 6973
4021 4975
6020 9214
6467 8125
5889 9497
201 459
1164 9912
4399 9510
4632 7118
2637 8567
6719 7297
4925 6540
363 4329
4321 6008
2961 5416
5487 7563
5824 7315
7100 8997
2984 8016
4840 5695
3048 3122
9219 9420
2838 7914
279 6853
89 7747
2600 3993
3912 8722
7371 7733
6505 9899
2166 6663
1068 8549
311 8803
4166 5906
8288 8500
2641 5412
5381 6953
1400 4075
496 7213
1594 6043
707 5199
1719 6620
2752 9582
1491 6867
6997 9027
1824 6976
3030 6229
1254 6491
5324 6946
6873 9500
2405 5191
3712 6282
6598 8283
1537 3289
3081 5209
56 8031
6182 6866
6414 8355
7122 7988
2090 7395
4353 5341
2686 9381
3791 9002
1228 2891
2966 6272
2848 7751
3352 5013
2517 6370
797 2687
2672 3314
1152 1832
4828 5664
2837 7664
1324 8338
7213 9393
3358 6914
6152 6608
2084 9734
6217 8471
1717 3048
3727 8004
6379 7159
486 4102
2569 6704
7881 8833
1882 2897
8313 8745
4159 7172
6952 8455
2274 4961
4825 8775
6322 6589
507 4641
580 8465
8375 9670
3812 4132
978 7661
1480 8956
9693 9709
5980 9310
716 8574
2595 9418
3604 3867
5248 7047
597 4254
3980 8502
1074 5068
4014 9744
3055 5226
5162 6601
1198 4242
4918 5263
1469 8706
496 5328
8739 9673
4791 7659
1591 7674
7375 7776
274 799
2280 6728
1855 2896
50 3919
6485 6758
120 8714
5672 9933
8677 8773
8223 9260
2308 6236
993 7815
3517 6223
4499 9574
2973 6978
520 7863
7587 8087
411 1491
8523 9522
2632 5748
5437 5441
6020 7603
2105 6537
2414 6793
906 6662
929 5229
8211 9646
7811 8998
2319 7397
1682 2506
1889 6641
5755 9711
200 3642
412 6112
1698 8198
6010 8711
5770 8309
737 8880
4473 6934
5975 9753
1618 7090
1542 2615
5696 9967
5686 6853
1881 7055
1899 9109
1185 4945
2794 8685
2496 6374
3755 6758
2874 4720
1988 8463
4975 9917
518 8323
6631 7011
1817 3762
2611 5713
1356 2319
3856 8091
5468 9124
4649 7277
4733 7416
333 7424
255 1413
4360 7967
4713 9347
7114 9820
1507 5973
3677 3948
4685 6581
5678 7091
5512 9737
972 7323
3004 7277
4089 5262
4305 5372
5796 6506
4143 4292
7729 8614
5543 7847
1729 6875
268 293
3761 5106
3562 9210
2395 2920
1564 7968
5607 8452
6739 9940
5824 6017
6109 7773
4975 7522
564 6039
414 6788
656 8198
3564 5335
8379 8969
2154 6758
2504 6441
4987 6472
2252 2505
2452 3102
3189 9834
6539 8783
238 8598
1755 4492
6695 7765
3906 4717
2352 2619
699 6113
5070 6132
1067 4169
200 5141
562 1830
951 3458
2083 3656
1372 6592
4424 9166
2395 6677
620 8288
2773 3483
26 7813
2322 5608
5492 7154
5409 7469
5318 5458
214 8345
9011 9596
3106 8549
3874 6298
2119 2815
607 6482
776 9276
4138 6649
3895 7580
822 6721
6740 7268
934 6343
3483 6672
331 6867
3614 8036
1295 2125
1137 1186
1148 5834
695 1291
3021 9195
2368 5108
3940 7768
3384 3721
5311 9926
1223 5935
4155 9328
8139 8256
1837 1990
2044 6423
4054 5077
3009 8467
4576 7751
3454 7019
8124 9343
6249 7203
52 2375
5984 9115
1657 4595
307 3646
2984 4124
5002 9379
2819 3210
4616 5864
636 1360
7457 8318
227 932
1414 8868
194 3614
2173 9628
425 5845
88 2802
1927 9364
1933 6106
2124 9044
8618 9048
3821 5500
478 680
4881 8037
943 7746
650 6966
5897 8916
2876 6711
1352 3322
3565 8487
2862 8075
1852 8840
1633 7169
374 2351
2510 9540
3260 4145
3619 5098
7766 9558
4635 5290
1174 2544
181 6386
8043 8663
973 3820
658 6486
1521 9455
8089 8270
5506 9376
6122 7581
3380 5190
338 680
3437 5434
3727 5124
7640 9007
5415 5538
2468 2570
2488 9669
5491 9991
3546 6178
5752 7008
6000 6080
26 5491
181 643
6183 9514
6279 8383
8439 9019
2676 3947
3860 4844
1943 3337
185 7752
4333 7607
4306 6492
6714 7155
5756 7004
1515 8685
757 4335
1528 4327
6932 9991
5723 7483
8801 8936
4808 8891
7071 9184
4077 9223
1100 7715
1374 5107
2708 8133
2735 5165
4811 5501
5110 9931
3125 3726
6562 9705
2487 3840
81 1800
1145 1334
1311 2936
4289 8067
756 9860
2059 6785
1368 2124
4235 4985
7918 9639
1385 3302
1874 9231
1594 6200
2409 4388
3303 8941
4021 6708
3431 9328
1741 7560
3379 9562
3443 9991
1161 9181
6487 9872
6862 9530
1461 5992
1081 8643
390 6402
2097 2666
378 1315
6194 8137
6838 9067
5220 9559
2455 3283
1530 9988
6387 9241
7723 9507
5397 6157
1977 9300
4942 5939
295 2564
292 2033
4352 9339
5255 9059
2031 9262
3934 8829
1641 7651
7706 8061
68 3839
4019 8948
4678 5602
3684 5447
2026 6541
2772 3287
8567 9148
6684 9582
1060 6696
458 7441
103 2296
3013 8715
1920 8197
7460 9331
5205 7285
356 4209
3691 9426
5445 6761
4759 9397
4097 9079
7666 8508
3971 7145
4318 7136
5438 6265
1672 3154
3798 7640
695 2473
3697 3944
6898 9167
3492 6806
182 1059
6626 6796
2709 7794
9347 9647
2360 7046
2892 3064
1350 1770
813 8289
4392 9076
957 3122
753 4793
4473 9720
319 4786
2985 5098
7124 9233
97 4301
3786 4727
2690 7559
638 7553
6261 9020
1816 7994
4579 5435
562 7694
4932 9151
465 9900
1810 3021
3367 7531
2100 3151
5073 8395
6677 9999
873 2851
4498 8122
706 8005
6917 8687
447 4907
4206 9603
4062 5980
8341 9481
8399 9103
2915 8552
2873 6367
7232 9906
5599 5973
8952 9195
5898 5927
5971 9550
2482 5291
1040 9240
6 9879
399 6441
7209 9239
3829 8212
6275 7150
4771 6488
3979 9517
5298 7673
344 9225
4964 7587
201 1574
7216 8771
6451 9416
4380 5236
331 6560
1968 8570
5832 6408
58 9957
5430 7257
1313 8319
128 9123
4419 9288
1288 9210
447 7957
8857 9191
3585 3823
5921 7222
871 8754
223 801
4303 6208
6637 6765
3446 8571
318 5019
2562 3611
5821 7595
3387 7898
5523 6552
1538 3421
932 1024
3759 7370
1653 5495
2305 2737
4132 8001
5900 9042
196 1866
3870 7644
7113 7678
758 7254
1994 6292
7340 9805
1089 5366
2235 6716
2804 2944
5653 7117
1565 3385
4940 6699
3445 6899
455 3909
445 1538
5809 9447
7569 9800
3086 5366
185 4346
2120 2418
4684 9577
1016 3331
836 4545
4629 9220
1252 4255
1363 9566
6160 6725
8179 8844
6027 9696
1682 4558
2682 9634
5038 9394
134 9487
2587 9074
6501 8672
3884 6969
2745 6828
1947 2467
7258 9410
5772 8842
8964 9407
2810 4978
252 1013
9899 9980
6594 6688
4235 5369
5875 7232
1871 9356
5612 6318
3225 3325
92 6027
6102 9444
5643 8313
3240 9771
4035 5652
2446 8705
1467 6223
6575 7940
3077 6526
6717 8133
4513 9808
660 2902
6778 9319
1812 9343
6809 9374
2907 3629
6013 6476
8149 9806
480 2701
8000 8836
1189 5771
3630 5294
618 4799
663 7050
4305 9694
5893 8883
1078 5373
1480 8799
636 8529
6339 8309
1508 6606
7415 8582
3479 5909
441 8303
6457 8226
7305 8585
8379 9349
3206 6301
594 3846
907 4772
4696 8544
6215 7566
5457 6779
1857 6268
6728 7448
4781 7695
98 3453
4490 9267
6630 8795
3453 7013
1068 5126
6638 7810
171 9141
6408 7416
173 3836
2734 8786
8695 8834
3968 9912
3431 8598
4811 8012
7726 8333
1546 3987
3139 8291
3745 9053
3532 6084
7502 8250
5983 8860
2075 5102
1482 4951
4296 9202
4716 6555
1810 7916
7642 9874
6002 6929
9251 9311
1175 8425
6573 9992
1987 4285
717 4277
4505 8559
1127 1652
3703 7366
2175 6283
3316 6130
4279 7672
2189 5688
2723 7978
2488 4721
382 9768
4547 6204
2140 8730
639 8449
6358 6421
310 9211
3182 5496
5730 6373
5258 6295
3656 4479
5281 8053
4914 9454
2997 5180
74 235
2767 4177
574 1940
6228 9345
2745 2887
7992 9726
1883 4723
3129 4413
2255 5860
3424 8906
2136 3786
975 9459
3602 6227
954 4317
7321 9517
5179 7879
6110 7853
7797 9007
1753 5040
1628 4118
744 1908
1016 8756
789 9366
1059 7613
5360 7852
5624 8604
4745 7742
7235 9425
264 5351
6468 6834
780 2232
7853 9537
3341 4741
8919 9532
3108 4164
5885 7905
5718 8010
3012 6797
8974 9159
1632 8836
6681 7683
1025 9458
3280 4220
6701 9887
1938 3449
7160 9426
3707 7539
8849 9993
3703 9508
302 4168
4974 6687
5637 6306
52 5117
3810 4258
3533 6551
1125 5859
13 2236
5329 7187
50 8559
1336 9086
932 4474
6274 7194
6237 8905
2548 7196
237 1908
6821 9910
3449 5517
4354 9148
5894 8409
5269 9319
7254 8386
803 2953
4895 7476
3651 5281
3443 7842
5272 9255
679 7915
5611 9570
5782 8046
4102 4949
7284 9387
5310 8716
1711 8648
1519 9209
2230 4144
7736 9411
1444 4469
1229 2952
3252 5422
2935 3552
4199 9047
3166 6257
1522 8557
4255 7659
551 8605
2831 5300
2315 8751
3308 7466
4040 6776
363 3002
2603 4123
285 1854
4573 9037
443 6183
140 568
3061 3659
1011 3201
4221 8212
6762 7942
317 8408
1801 5851
4090 9606
2561 3844
1029 1277
6073 7339
715 6141
2596 6930
2544 3323
3078 7881
5057 8662
8177 8310
280 8139
6367 8621
4819 9164
3226 6858
4748 9813
1294 6367
305 4952
837 1692
271 1579
379 2406
2881 4849
787 3650
2362 8352
949 7481
4993 5999
4060 7586
5797 8423
5350 6331
1216 7834
3912 9280
1238 7485
673 3132
1610 4262
5758 6440
6633 8507
4773 9375
1719 6143
8633 9190
526 9371
1463 3623
111 8155
6871 9927
3373 3776
4529 5863
733 5353
470 1973
2730 5877
3506 8431
5097 5356
524 4046
4035 8560
1847 8168
7623 9178
4550 8826
4134 5356
9226 9768
569 4010
5428 7515
6863 7604
2716 7941
1716 9049
3933 5498
5462 8494
6110 9699
5542 6909
8830 8930
1105 8657
4910 8802
2249 6002
3848 8115
2273 4588
1373 2372
1522 5338
4528 8826
253 690
1231 7605
932 5759
599 8928
6761 8855
4375 8615
502 7722
1370 3760
255 8707
3160 5512
2640 6120
2376 8612
588 6263
1921 7355
7499 9321
5324 9827
982 2798
2781 4628
3095 8584
4026 6641
2401 3251
5632 9984
742 7625
2758 6107
1815 6747
2042 9508
6038 6873
7674 9003
5354 9774
1627 5862
517 7476
4852 6050
2230 8228
1942 4683
1715 6764
1481 8389
2873 9464
1775 3240
2964 4093
6671 9695
4918 5024
53 7467
1010 3244
7478 7584
504 1458
2241 8200
6042 9353
4607 6804
2613 9957
903 8257
5149 5266
2534 4985
2703 4787
5658 8954
2569 3729
496 8030
2752 7371
4137 6596
492 9285
6692 8427
1215 2779
1511 6419
1864 3241
4299 6812
2382 4552
2912 8192
3320 6538
4820 6529
3244 8251
436 1056
5974 7621
3447 6510
527 7135
1518 6114
3315 8806
3515 8286
6105 7656
3651 8071
1200 3139
5995 6120
6322 7187
3957 8473
2460 8438
1605 6326
5111 7026
5819 7236
8316 9064
3776 4440
5980 6004
1292 3389
2089 5830
1196 4211
1715 3311
865 6889
5744 8593
6899 9914
2847 8511
2713 4418
369 3981
7806 8284
177 6640
1435 9127
3602 3867
6361 7585
2770 4037
2525 5843
2319 5460
2812 6301
5643 9049
5132 5718
2584 6489
6382 7210
2082 7490
3045 5516
770 9733
625 7343
3855 4273
166 2019
7779 9814
3738 8126
2142 3930
3133 9325
4655 9137
814 6364
823 9046
7462 8614
3860 6731
1429 5669
4083 5246
3146 9874
7518 9022
1369 1728
898 2749
9010 9125
5247 8560
7042 7908
2330 7570
1137 4926
4538 7210
2472 8977
2229 9887
5563 9804
4677 9053
6360 8289
5193 7824
7340 8862
7369 9465
2835 7310
6832 9624
1775 6674
2278 9951
361 3220
2333 3359
4044 9106
7523 8425
3016 6092
3734 9727
6293 6698
3086 5291
6680 8338
1559 9823
3167 6029
4144 9440
6286 8903
60 3352
787 7797
5049 5533
2469 5685
4461 7084
6728 9019
2693 2991
907 6703
3746 7632
4898 5084
2118 3362
1795 6532
1163 3290
4595 6945
3605 4891
8380 8877
3012 6260
272 7709
8209 9378
1462 6919
2639 7381
8422 8811
2315 7154
110 6670
150 8825
4702 5498
5169 5170
1510 4032
4252 5723
2610 4179
2768 9560
2375 3732
4764 8192
6726 7327
836 2499
792 6058
1644 5482
476 3351
2555 4903
952 4051
8496 9834
90 2033
1011 2577
164 7965
2861 9842
2286 4849
3096 4871
5690 8308
1538 5695
660 5527
1439 9878
342 5389
4194 4846
2909 7853
2972 8208
4337 7340
1218 1729
5763 7577
2245 4748
4946 5553
1395 4932
5519 5888
860 6296
2685 2725
6156 9283
735 4660
905 6850
3445 5457
4281 7078
2700 3396
3977 7567
5168 6824
17 782
3725 6733
4056 7721
3973 5552
4264 5384
4961 9301
5111 6163
1908 2560
6967 9107
282 6413
5034 8254
1117 1577
8905 9621
2660 3915
5399 9926
6063 9475
9503 9796
11 7140
1847 7440
2646 7470
650 3726
3942 8789
2667 8300
6052 7985
1324 4551
2982 9807
1711 7762
9297 9353
1897 8857
8787 8842
2318 7292
6131 8613
8296 8621
5133 9263
6292 9066
1960 2068
5774 7766
3972 6678
7283 8502
547 748
2925 6862
2722 8371
6740 9249
2694 6628
1042 4521
2387 3725
3445 7472
2982 8147
663 3671
557 3414
653 4461
809 9067
5965 9181
3174 7310
3428 8488
1845 5777
3300 4626
2774 3873
1577 6759
5822 9514
5067 7532
2409 4775
961 9456
151 8749
1049 6921
6095 7433
911 6899
4796 6519
2807 3081
553 7379
1728 2121
4611 9063
8100 9576
5699 7306
1154 4977
3612 9347
8894 9303
6174 6243
4444 5435
2250 6437
6659 7505
4706 6434
4020 5109
594 3227
290 2695
5873 6229
2486 9029
3521 8755
3092 6543
242 1754
1588 3231
982 1972
4299 6784
9731 9764
2294 2304
2114 9759
3794 5846
7688 9827
7331 8993
5772 7396
2292 6090
3844 4670
6095 8258
198 7724
2822 3544
1614 6617
635 8883
1245 9876
1669 4686
5592 9100
5716 8826
1333 6677
1549 2723
8120 9017
3406 4414
2015 6142
7155 9289
575 1829
7326 9756
2758 8128
1515 6896
4415 9819
280 4811
2708 5448
5479 8894
4478 9438
3233 8030
7360 9911
3232 9313
1161 8189
1207 4583
4013 7885
4088 5690
1532 5335
2249 7885
5495 8744
3129 9234
2278 8109
3497 5559
1804 3490
6204 7477
2395 7740
174 4259
474 3376
2309 3986
3805 5336
3124 7269
4764 7763
6860 8197
3907 5004
3874 6152
1349 2600
1144 6359
1319 5604
135 509
2295 6237
4736 6890
3208 8390
1761 7349
1496 8826
1890 2662
3999 5860
5017 9266
3196 5771
628 6389
2784 4639
2669 7478
4312 6842
1387 9833
4802 9401
2081 2114
2779 6318
721 6903
5070 9528
1558 6602
5164 8887
427 8643
2994 4731
565 8345
243 9176
4788 5709
8106 9336
361 7882
1289 8204
4777 8936
838 9527
4597 8020
2800 7224
214 4050
772 8162
5629 7289
1936 2541
1675 2926
2266 6809
861 6717
4057 6720
2726 5955
1357 3002
1016 2136
2368 9818
4796 9821
3769 8957
3058 4128
90 3084
36 7010
1753 9324
5568 8779
3344 3367
982 8985
360 4618
2027 5323
5829 9398
1527 3277
5335 9451
4015 8314
4146 4510
5126 7622
179 9225
4792 8933
5746 6038
3988 9198
792 6799
872 9246
2055 4801
183 7866
5035 8884
1253 1907
3865 8095
778 829
3114 6165
5148 6858
6164 7995
2037 7347
2309 9171
8724 9101
492 1722
4460 8876
419 8059
1570 5874
1610 2075
943 3380
600 2912
1152 9191
7696 9491
6606 7485
3028 5320
8308 9362
3347 9344
3446 9317
7207 7251
3341 8630
85 243
441 9201
3918 6236
326 2060
544 3033
4760 5956
940 3829
5509 7912
7572 9300
3894 8376
5155 5418
4446 5904
2359 9623
270 1621
798 7199
1971 5389
2108 3384
3005 9888
1563 9439
1920 9016
4657 5839
2260 9275
4155 4534
542 5657
6229 7610
2523 5147
2860 8197
2323 8233
3225 6936
1453 4008
8860 9575
2256 9394
7750 8294
1496 4421
2990 9877
411 2491
5096 8142
3027 3963
9373 9783
6125 8555
835 3842
7145 8888
8070 8901
511 9397
135 1783
863 3661
293 5912
875 3540
799 7725
4013 9175
2196 4217
4971 5458
3634 7205
102 155
9297 9491
4213 7332
5450 6155
5366 6791
523 4117
291 1703
5580 7908
3012 7216
1590 3994
1040 2153
4190 7006
238 1842
8144 8218
4594 9041
5028 9650
1936 3605
2168 2793
57 2615
1792 9948
1486 9352
4842 9214
7680 8523
169 6647
2196 3772
3366 9318
7012 7905
7005 9244
3847 4100
8621 9556
388 6560
2366 6191
1893 5536
1277 4042
3407 6006
2234 7157
1915 2940
1316 7894
880 5414
1186 7997
1526 6641
1767 9093
1634 3647
5762 9127
4615 8508
4974 6910
2085 4321
674 6692
1834 5324
5373 9277
5418 6577
1330 3270
2866 5771
2685 9086
585 9870
1025 5180
6834 8522
141 8930
2075 6484
1579 9010
3568 8001
4691 5993
153 7805
528 6235
428 6205
823 9900
3858 4489
4170 8653
4696 7595
1879 3455
1976 6701
5516 7430
2743 7326
1084 4491
5185 7703
4026 8680
1341 9195
3166 4602
1484 7822
449 666
3104 4966
1802 6151
4796 8048
1945 9165
2884 4637
1021 5150
303 1554
3510 8065
5412 9944
3966 6699
367 3979
3867 7991
5405 7890
8513 9707
3031 5316
3905 7882
922 5500
9275 9837
468 883
257 5429
8105 8756
6967 8846
8259 8479
277 4837
1180 9084
1382 9898
286 6978
4460 8621
235 415
702 3616
412 5394
4308 8074
6714 9996
467 4246
4599 7940
7125 8622
8113 8127
6654 6713
8222 8902
3577 5109
5846 7771
5854 9747
2865 9324
3694 5723
925 1924
431 9463
2481 5645
5907 8771
4810 9027
6360 7529
7344 7962
434 8287
1992 6910
386 9577
6066 8721
5018 5468
913 6836
809 4931
2462 4549
5507 8021
3349 9855
3714 9401
713 9354
212 8965
8207 9142
5795 8892
2361 9008
6817 7416
9078 9098
3554 8617
2538 6540
81 6953
3744 6869
266 8286
3696 3974
5439 8009
1990 8990
8434 9757
2568 8776
4336 7936
5332 8050
4742 7067
2050 5689
7574 9257
5367 5428
1848 8178
2079 2372
4849 9761
4977 6540
2802 3277
3343 6874
2483 5379
218 609
9075 9802
121 474
6289 8905
3906 7142
7313 8663
461 1530
2701 6889
6051 7173
8286 8394
4713 7531
4186 6933
175 1467
5208 7704
2518 6657
2006 7985
2006 3432
268 1973
1856 8378
1726 2500
630 3964
1827 1904
1432 2286
1414 3125
5107 8901
8124 9251
2868 9467
4371 9611
3059 3238
259 5434
3270 9234
5814 7572
1077 7781
5960 7481
562 8636
1159 3182
3474 7809
1877 2587
7339 8350
202 412
1835 3384
1516 6491
495 2306
4794 6084
612 4023
1957 5295
3388 3754
4261 9525
5748 6401
3662 8754
1946 3667
9661 9759
9135 9996
2540 4819
7398 9811
5882 6074
3807 7397
5530 5956
6152 9863
239 2476
6182 7615
5937 7681
1478 4651
1730 8954
2936 5872
8789 9956
902 5871
5743 6860
2212 4029
341 9642
7851 8708
2161 7090
3933 8474
4449 9275
785 2524
7773 8836
820 7802
6580 9260
2379 8791
1944 6995
186 875
1264 3304
2171 9357
5416 8262
4552 7412
2396 4793
5429 5552
3470 4481
1497 5718
600 6504
8317 8897
7522 7796
3256 9353
1219 9734
2000 7810
4289 7627
4062 9844
6959 9992
5969 9095
6618 9354
4533 9025
699 2006
2052 5386
2869 8460
955 1262
3759 3852
8896 8935
7708 8882
7970 8341
1639 5798
1617 5436
3274 7371
1474 1476
1979 7857
2394 7712
1449 4835
2174 7393
8351 9914
4266 8356
2149 9678
1208 3112
630 682
4574 5072
3850 7887
7449 8482
3309 5978
3507 6219
6984 8440
2270 9847
1190 9588
3806 6976
3389 4982
2430 4791
2590 4499
1752 5858
2359 6017
6891 9001
1840 3380
5951 6193
3045 3057
4214 6530
708 2441
388 5912
4263 7716
5262 9818
2807 3473
1001 1113
385 3074
8169 9772
5847 6441
1071 7933
1465 1701
1570 3853
3902 6674
3109 3493
3110 7576
134 3748
207 2967
2683 6248
872 9154
5809 7052
1142 5924
225 6955
6670 6714
5303 5759
5504 6961
5884 6108
5580 7069
2034 8318
8874 9165
2015 8891
1345 6895
2018 3893
1252 5011
4152 4519
3125 7441
2248 9474
168 4579
7809 9331
4997 8977
1546 1698
1513 4944
3157 4230
3975 5297
4795 9614
3340 9310
1689 8697
7388 8954
5922 7712
2131 6792
1777 6361
1697 6735
1000 3965
5321 7169
4701 8886
6631 7916
266 491
532 9310
3876 6070
3980 5388
2520 7670
50 7743
4521 9138
411 865
4881 9035
1285 2258
7065 9197
5380 6824
3315 6638
4003 4342
1347 4590
2634 7096
2154 2882
2725 9610
4101 4353
5326 6564
2981 5020
1744 5583
3109 7674
2154 7555
7695 8740
4070 4697
999 1086
5205 5218
463 3788
3008 7800
5369 8914
4029 7400
1440 5642
1749 4760
1686 4796
2507 8677
9593 9941
137 8056
2616 7980
4049 7372
2762 9757
2865 3928
346 6607
2214 9264
4051 7526
6038 6299
8104 9925
1026 8376
8208 9377
1683 5444
3443 7629
297 1899
16 7454
2415 8085
1181 3356
2173 7014
8438 9622
298 2842
5843 6662
6130 9950
5629 9980
938 4078
2454 4434
2604 5073
4841 4851
7209 8417
409 417
5630 6706
964 9694
3154 5567
3605 5299
8324 8979
1171 4445
1530 9457
2386 5342
2748 8537
5667 9466
315 2198
4360 9994
5298 5495
1285 2220
1691 5124
647 5060
1432 8608
512 7976
5908 9259
1657 9508
4596 6542
5955 9721
2584 9220
1692 2454
4405 4815
293 5949
5390 8041
5514 9135
2853 8330
3707 7495
3126 6031
424 9878
1173 1886
1033 6215
3801 9195
1494 8078
6617 8052
19 3745
6482 9964
2821 8599
6072 9470
3106 5479
632 4991
1385 9895
5237 7899
703 2721
1122 4206
6287 7802
2441 9577
4406 6315
2390 8747
781 2950
2085 4527
214 6551
3958 7272
1357 9504
1002 9351
3406 9639
2793 8791
6040 8833
2719 3125
386 7759
7579 9135
6121 8740
5662 9623
1078 7712
7105 8078
7301 9928
6613 7649
2282 6412
550 7049
4433 6376
581 4842
934 3346
5084 9752
4954 6127
3143 5560
2409 4054
4382 9238
6907 9490
1042 1094
3028 6593
4352 7293
585 9057
188 5246
1006 7674
167 5690
878 6062
2167 4126
1659 4227
4343 4453
5296 6235
2347 7210
3750 5391
2363 9673
4991 8455
867 3229
4418 6677
515 4294
3665 5380
1486 7551
2038 7410
5461 9087
3425 9371
1096 2370
747 5571
4599 9604
531 1113
105 3266
1708 3326
1318 2074
987 9386
7752 9296
185 8809
1734 6829
7255 7592
1363 6536
3826 7249
736 8315
5374 7659
4963 7212
891 8194
5980 9594
7795 7848
3488 3741
1352 4887
653 4424
1438 5607
5488 8050
2603 8525
2676 3754
747 8815
2946 6516
4296 5803
3077 8295
3615 8581
1340 8732
3254 9411
2353 3373
2133 2539
2140 8207
3447 6385
7034 8642
4886 8586
992 4016
2214 7941
1645 5722
1665 6877
8881 9867
1239 9351
5320 9960
4093 8512
1594 3790
619 620
5039 6735
1549 5638
362 380
848 2014
4254 5637
8554 9869
4129 6065
1185 1673
3696 4906
4337 9306
847 8617
6425 8608
1675 2184
861 5035
1964 3808
2207 9240
943 7241
1095 5565
1968 5728
910 5231
1262 6839
4499 9192
4237 6362
1662 7146
8687 9150
5728 6106
5376 5948
6330 8986
2320 3523
7072 7463
7660 7957
8086 8199
5444 9955
996 3024
2093 2318
988 8473
7189 8962
5947 9646
3550 6874
3929 5011
4877 5223
2421 8027
4625 8267
2833 5255
1652 4282
553 1901
2184 4208
9214 9333
978 2428
476 2986
576 1758
701 7228
703 6119
144 4563
4375 6346
791 2665
6250 9325
1308 4523
4318 9217
1215 7669
2746 3946
4264 7886
7605 7952
1893 6639
2984 5316
6381 9314
3271 5868
666 6088
3141 7709
4386 8503
1010 1608
965 4300
1363 4717
6845 8627
1771 6467
8602 8969
125 364
506 7949
6492 8916
2583 3457
706 1377
3824 7686
5985 6481
4572 4794
562 8233
2937 7657
1513 6110
3166 9866
2582 8262
1980 5897
8010 8191
1549 8230
1066 5722
2029 4310
2571 2811
3895 4871
683 8211
6621 8735
2001 6116
2351 2844
5652 9688
5819 8574
6112 6910
46 2747
3104 7633
643 5048
2805 2914
188 2315
3409 3665
1136 9024
1339 7536
7790 8579
1742 9456
1373 9233
6183 7008
3009 9467
2376 3192
6289 9523
3435 9067
134 9354
7435 7456
5819 6183
1461 6275
3088 8767
1019 5152
1401 1641
5293 5874
2855 4169
1075 5984
611 9458
3885 6995
2912 7008
4182 5680
9007 9399
9365 9389
2937 8323
2647 4068
407 3594
3771 9053
3245 7182
2202 5750
6472 6685
306 9493
1819 8710
1153 8365
4193 4556
399 2455
4808 7672
144 7301
1555 2249
1134 9249
1288 3423
627 937
662 1786
709 3752
1172 7435
4174 7271
1741 4562
2213 2577
6082 6364
87 541
3517 5942
7982 9137
7615 8606
3226 4596
1718 2465
1434 5108
4920 8569
7052 7622
8018 9333
3170 4913
6287 8606
5890 9769
8400 8723
1961 3829
6979 7511
6846 8263
4771 9885
4451 8564
3788 4572
79 5010
3150 5133
5560 8129
3120 4098
3680 9389
2878 6873
5111 9212
707 1499
303 8590
3627 5898
3245 6893
1189 6210
2937 9562
2060 8272
3314 4570
6854 8506
7149 7942
1329 3323
828 9189
5216 9638
242 5344
6419 7806
4651 9961
4031 7748
9892 9916
2590 3635
5978 9857
2970 9122
1442 5346
8827 9057
5584 6295
6827 9650
5930 7521
430 1458
1146 7347
3252 4493
7861 8685
7940 9085
4857 8273
3368 8534
1199 7131
3574 9798
598 7502
2006 3675
5372 5935
4524 9514
5290 6626
3291 7622
1487 2502
3276 8877
3426 7566
3816 4086
2673 8809
1319 7064
3022 3689
1533 7486
3899 5516
4530 8632
487 2181
317 2989
1216 9983
950 3848
5834 7482
6658 8023
3047 4590
5015 7708
7175 8086
3157 5120
8542 9160
8905 9280
2630 3449
2939 4569
2048 7164
5786 9512
7162 7744
9423 9632
1724 9070
4603 6661
2912 6462
272 996
4320 8326
2912 5457
5075 9501
7433 9940
5472 5639
8724 9091
6561 6788
1361 2926
2556 4066
1845 9130
5098 8607
1072 4079
7763 8116
180 4805
290 2658
8104 8727
1736 2460
4895 6574
3719 9872
6061 7848
6586 9273
5076 8330
658 701
171 5935
1956 3045
82 4421
529 4308
6813 6904
60 1030
6958 8650
3240 4488
4018 5027
1204 1831
6022 6602
842 8665
3780 5691
4682 6244
106 7611
5209 9585
1591 2092
427 6149
2052 8631
54 4740
4966 6034
9770 9858
3039 7485
2006 4507
8589 9900
2350 8812
4869 7876
395 1830
3882 9186
7051 9672
6710 9389
890 6314
1037 5700
5771 9110
3478 9004
5771 8647
2545 6622
3466 7813
354 7674
4269 7751
4031 4955
2821 4639
893 2617
2779 9315
2642 5527
3758 9773
754 5100
7368 9496
2330 5627
781 9405
8381 8846
2436 6944
3300 9109
6725 7426
3110 6017
5142 9995
4779 9642
6438 8970
3852 9811
5190 6934
938 2276
1549 2855
6633 7784
220 3881
6788 9985
1214 9999
5022 7949
1286 2955
5638 7633
5830 6740
1692 5603
467 8610
8294 8671
7301 7338
734 1503
181 2217
1121 9708
4362 6189
2382 4613
4594 8188
7260 8052
5861 6145
5594 9318
5793 8420
2585 6440
1247 8290
5200 7688
1068 7870
1126 3875
1138 5833
2815 4586
3220 9226
1257 6718
6218 9939
237 8751
3181 5321
993 2704
1535 6491
710 8499
1295 5915
9644 9851
1363 2617
4693 9956
7182 9188
211 8631
1757 9889
2 2722
3481 4911
1581 5349
2768 5739
695 3955
6580 9341
1621 6206
1859 6151
8693 9489
1770 8510
1003 8641
8699 9918
1316 7516
3773 5828
7137 9996
4445 8409
757 9970
304 2213
3530 6209
2437 7252
5294 9440
4710 4984
263 747
1269 3765
8436 9614
1635 7025
1009 5504
1761 5557
4560 5453
367 7649
4185 9129
5468 9685
5369 8227
1415 5579
2173 2469
4581 5149
2171 6891
1667 5179
6164 7551
2503 8663
6077 8312
3231 8086
3418 6401
2773 5392
9038 9868
8095 9453
1469 5080
3061 3919
3679 5241
219 3893
1803 8560
8419 9361
170 1635
5358 7700
309 9479
2317 9632
2722 8141
2042 9593
5473 8750
1207 4553
3790 8444
598 933
1041 2886
3349 8058
2601 2610
1640 2062
9208 9746
414 1779
4614 9646
3583 4888
3294 9985
2018 2065
1503 5198
1949 6713
1108 2621
2703 8418
8976 9713
1200 4043
2454 2986
4827 8881
5722 9965
3256 9642
482 5238
4546 7155
4858 8129
7417 7524
1109 6342
1364 2292
1882 8998
891 3849
8695 9846
1489 1841
6031 6852
1700 5764
7812 9983
6271 7745
3415 8701
600 6447
3458 7423
4955 8096
7610 8213
576 6037
3640 6395
305 4592
2758 8376
6205 6934
4674 5832
1722 4848
3645 4554
6003 6748
5774 7616
4062 7688
2818 8181
4795 6957
1246 7490
2485 5412
1824 8819
2498 4537
4545 9410
2679 5575
4054 7390
4169 7386
1699 4823
495 5498
136 9675
485 7770
872 5524
238 6563
762 880
1205 1522
4689 5615
822 5213
892 8723
3925 5124
2552 6377
5906 8452
8714 9032
873 4401
1071 5800
7263 8625
1163 9788
3852 7484
4015 5581
6551 6892
2047 4556
5348 9720
6091 7488
7381 9164
3873 9760
509 7157
4304 7481
5936 6576
3968 4162
134 7871
4391 5145
3004 3683
2515 5200
5122 6873
1069 3093
7264 8155
6764 7836
831 4463
9188 9196
109 3409
585 5013
2604 4931
2103 8660
2500 9061
7902 8368
3551 5769
8270 9720
399 2175
23 7850
10 9148
597 3848
7094 9616
1063 9139
5398 6387
1069 5182
2180 2502
532 9368
6675 9508
7032 8349
360 3584
2447 8878
3917 7414
396 4505
5456 9750
4946 5834
8551 9987
4001 9581
5412 8166
1499 2885
685 8960
5062 8217
3559 9290
7213 7504
8977 9173
406 2132
4997 8655
1900 2903
6833 7362
1148 7128
2028 5016
1041 2228
3303 4803
725 2592
2113 4120
3328 7394
4023 9963
1171 7045
27 8599
38 5469
4433 8737
3122 5230
4957 8146
6195 6598
1494 7355
813 9913
132 4279
7367 9551
3939 7443
3905 6034
5044 8132
3622 9909
947 1341
739 5570
846 3455
3223 6888
795 8133
225 1319
2362 4989
2155 5970
1335 1776
5383 9471
1246 5657
1249 8958
3442 4021
2349 7130
593 4626
163 7249
1415 6914
8247 9551
288 6675
2980 3718
688 5352
1688 6084
1665 8862
3502 5566
5392 8038
61 2388
3472 4884
8874 9137
5965 8231
1812 4255
185 6072
7446 9057
1268 4329
2043 4672
5920 7464
200 1268
2768 6984
252 5441
7504 7826
4106 8966
2948 9351
591 9317
2179 6098
1127 5753
3174 8323
3061 5105
1763 5360
2669 9573
2450 8078
9708 9765
2467 4325
4672 7521
7438 9788
2900 6901
6863 9735
3321 6493
1469 1510
2891 8781
478 6395
3864 4162
5276 7780
256 2754
5289 5503
298 3519
6729 9027
9010 9120
259 434
8582 9285
3456 3523
1013 8647
6183 7768
839 4670
1844 8141
646 9372
2021 2756
8594 8631
5100 7542
651 6233
5707 5745
4514 6237
6209 7639
4038 7693
4023 9761
4683 8712
6264 6746
1988 2807
250 1429
867 8305
3424 8715
1903 4979
3880 9625
2871 9587
1093 6449
3482 4814
1789 1994
6763 8326
460 2960
4597 7889
5422 9977
5453 6461
9681 9755
2422 5276
8200 9706
2982 5622
840 5853
7781 9705
1614 4664
2532 6482
3670 5123
2117 8493
53 2609
5621 8439
811 4412
6279 8839
6530 9262
4983 8944
2627 7807
5324 7468
3627 7752
3582 9340
1806 2888
86 8231
3767 5919
4354 9035
3057 4519
603 6308
2543 2745
5977 6707
1167 7751
3191 7051
3046 4709
6391 9971
7795 9544
7420 8749
2876 5512
6255 7602
79 6047
9198 9270
7284 8761
5543 9117
4545 5714
1439 1457
2277 9894
1675 5769
4542 5588
2201 6405
667 3051
4570 7438
3951 6243
3101 8524
2663 8923
2621 4959
4077 7508
1536 5856
3140 8765
3121 7927
794 6164
485 1030
640 3883
2952 7425
8689 8974
6486 8649
131 1329
3052 3603
2486 4355
2151 5214
1043 9676
1640 2812
160 3718
3984 4545
4392 6792
2769 4577
4314 4709
3461 4151
552 9664
8080 8317
477 1604
5636 9603
1999 8266
619 7336
8897 9819
6140 9827
3777 5015
2654 8167
221 2318
3113 3788
3509 6884
2198 5686
400 9196
1617 3159
689 9493
5175 9083
4840 6259
118 7075
1044 7605
1939 9439
316 1882
727 9426
4004 7344
4496 7975
1093 3957
1872 3025
7081 7708
6350 7706
1885 9478
4763 6815
900 4270
3095 3717
4668 9429
9527 9544
5224 7249
4429 7355
2016 6816
1289 4778
849 4474
3968 8434
226 6110
6152 7279
3445 5938
4178 4261
357 1181
920 5958
6160 8079
350 1074
1662 5554
27 8654
825 6598
4604 5820
187 3686
5522 7730
122 6103
1001 9412
1105 6822
1631 8559
3039 9293
2562 9850
7194 7281
3144 8507
1222 7840
5637 9556
4285 6914
8739 9514
5375 7915
7813 8943
5363 8167
522 8969
5910 8599
6028 7195
1986 8751
2481 9988
6510 8260
1792 3722
6529 8687
4286 8519
7597 9299
1669 5146
3487 8017
1772 8471
3423 4248
2726 4752
1911 9241
669 961
1237 5488
8548 9259
1985 3966
5522 6242
3904 9339
882 6564
17 90
42 5750
6247 8881
513 7094
2781 4007
464 3367
1856 1924
764 5230
5594 9719
1471 4999
2905 6375
356 3999
5514 6675
4661 5164
3399 3503
2017 6176
9429 9570
4866 8974
1064 7732
5287 7856
3994 9234
3599 6037
439 3938
432 1510
2903 5299
2390 8923
2908 8256
2622 8187
6129 8612
4074 5803
1421 2544
5955 9378
5436 9223
2244 8530
3447 4156
5534 6345
1460 3144
5813 6912
131 3058
6808 9947
1005 3070
552 3425
4020 7278
1001 2830
8609 9544
5813 6139
719 8928
2167 9531
4373 8299
171 7853
3952 5265
473 5822
7810 8215
60 5856
3369 4613
336 2630
3040 9803
4348 4992
2624 3039
6834 9828
1435 7593
6547 9244
2841 5558
7391 9141
3838 5196
6321 8688
991 3982
4677 6308
6110 7613
1865 8651
4955 9097
4835 7591
5454 9197
5107 8839
4291 5642
3491 5168
408 8031
5751 7657
3405 8243
2574 5325
8157 8730
8318 9493
5428 8161
358 3110
787 3664
6338 7617
1858 6565
1666 3009
4154 5377
1581 2715
1191 9673
168 6194
6976 9021
1963 3279
752 6011
112 8876
230 1065
1869 3385
1780 7439
3411 6814
3332 7214
5247 8945
818 9169
2907 4524
564 642
291 7677
5592 9431
8133 8538
803 4745
9341 9734
4430 7320
3533 5931
7437 8003
600 1373
3007 8204
6 1327
1270 9504
8231 9217
3497 9141
2887 5304
294 9772
1684 3901
1392 5387
2132 6549
5765 8594
7128 7173
4667 5931
200 391
553 764
1197 9064
1699 3916
2616 2809
2052 8924
6378 7788
2370 6348
3389 4888
1381 1395
2011 8295
1623 3004
6914 9113
4582 9209
934 5655
8340 8571
3826 7631
8693 8759
7274 8607
2556 5614
191 3628
136 9767
6749 8187
2606 7597
3381 5256
2582 9307
1168 1354
5462 7351
6003 6352
3925 4091
5712 7148
938 6226
71 1491
2654 9525
6711 6954
2929 7413
2573 3487
1599 9540
2512 7159
4552 9271
1787 2028
7855 8094
1672 8358
451 7011
2442 3007
4004 6419
7312 9692
2050 3650
9659 9732
4773 6501
2112 5293
3865 7533
3067 8682
3223 9154
1033 8896
805 2747
6381 7993
3622 4993
2068 4592
1447 6531
4317 9172
6156 7831
1378 1741
480 1297
5764 9244
5551 9106
870 7106
9155 9836
3078 8322
110 3305
488 3981
777 6958
6272 9430
3303 3696
438 2192
1958 6112
3972 6648
4813 8679
374 1096
470 1859
353 6628
8762 8850
156 8658
4785 9725
4693 9225
2408 4021
5205 8502
354 3418
2279 3659
3684 5402
4817 4992
1981 9745
6349 8994
105 1695
5693 9451
3392 6219
2563 3088
4391 4485
2739 4608
3729 4566
5389 9993
5061 8213
1216 9652
480 7323
3711 7653
2553 2593
6094 9200
2959 7600
670 6762
4756 8027
2829 8722
2961 4514
5134 8650
5678 8087
1781 3550
5017 5082
3119 7350
596 8201
611 5708
4372 6339
3073 6648
420 2028
2615 9819
1659 8216
1101 8025
8044 8786
1401 1468
2149 4544
4973 8709
972 1983
1167 4354
2590 3854
4058 7924
2239 5696
501 5421
3824 7376
3862 7942
8161 8355
2790 8365
180 3404
194 413
4063 9011
990 4087
4636 7470
3128 7456
3357 9917
5087 6042
6278 7339
143 204
3780 8402
51 6554
9518 9828
2786 9270
851 8850
2721 5079
2219 9697
1225 6862
9054 9663
6940 8498
2566 6212
1203 8068
2514 3664
783 9767
6083 7757
1516 6158
889 6417
666 7529
1165 9154
684 6982
342 4210
1803 6320
6438 7087
6899 9730
582 1698
2743 7155
1137 1428
757 7503
6485 9250
783 6115
4106 6454
2430 3175
3815 4465
744 8435
64 9301
190 879
384 5245
497 7079
6362 7186
6433 7157
5341 9511
2586 4490
4518 4779
3483 8473
4825 8962
3320 8189
1824 4355
1903 3800
552 3668
1703 5141
903 6403
4830 4997
4624 7354
478 3875
3154 9424
2799 8734
13 9261
2807 6970
7968 8531
5272 6217
344 6214
746 8426
4558 6902
105 3503
646 2466
4812 5854
8268 9236
3788 4431
2844 3315
5017 6622
517 5731
8261 8327
200 2364
7529 9434
2159 2778
2079 6520
6795 8514
9380 9885
2856 6885
2121 5251
1080 6884
2593 3408
902 1958
2707 6886
6864 8713
5192 6647
7885 7963
1702 3660
149 5335
2659 7290
6310 6494
3147 7638
5415 6243
3500 9754
8664 9440
882 6278
6325 9429
5357 6945
1768 8999
6229 8256
55 160
2380 6442
1241 1491
590 7101
3552 9043
2087 8725
3228 5786
7427 7441
6385 7938
4424 5488
945 5474
1465 4068
2822 6235
6288 7698
564 2999
1713 2628
4358 8206
490 6019
2194 3547
985 4641
4336 5784
4663 5677
1609 2626
7318 9358
1801 3520
3012 4523
1556 7696
6048 6248
8457 9852
675 4111
1730 2284
1725 5642
4732 7805
4184 6302
3681 6380
3297 6194
397 3915
1572 1729
6024 9435
3317 3707
3295 9154
2314 5587
1264 4186
3526 9011
671 6672
598 6847
540 6610
1783 3016
4037 6577
5310 6515
4642 8181
8964 9836
7702 8567
3167 7019
3731 4789
398 4482
967 3861
548 8891
76 5747
85 356
1589 9841
2520 7424
2822 4468
3415 7113
8256 9138
1049 4709
4478 4576
3152 9639
127 9547
8429 9765
1165 6464
6482 8768
2181 7938
950 9578
413 876
2988 6918
6552 7250
4570 8693
87 6362
220 2945
2229 8475
4752 7372
4598 8554
2007 5216
7852 8934
7487 7845
4333 4380
4246 5715
990 5845
5836 8075
5111 8355
3879 4549
2425 7858
1156 4156
8412 9822
2009 3003
529 7827
3526 7083
4490 4508
5595 9869
1424 6342
1232 5699
7788 8071
4922 7428
4488 8885
3240 8405
2995 8236
3457 5392
960 3576
971 1625
349 8964
4340 7635
7224 7898
7103 9587
3024 4067
3935 4631
2021 4512
2276 7427
4783 4970
1430 6407
2341 6441
1442 7312
2830 7509
8088 8334
1320 9650
851 9320
5160 5862
7987 8638
5908 8745
4233 8830
2099 8434
5134 9144
3826 7725
8252 9338
2768 4216
3701 4320
7518 7833
7842 8945
1359 5344
3435 8913
23 3211
1847 9020
268 9147
4602 9548
7694 9008
1097 9473
837 2438
7759 9572
2882 6676
5466 9578
1833 5580
4430 6032
109 4919
6549 7933
4102 7163
1392 9968
4284 6094
839 4838
1296 3177
150 8804
3663 3750
3749 5773
4998 6770
763 6556
972 5158
6738 9168
2287 9783
788 9658
2232 5538
321 5774
1602 8340
1573 8213
1737 8206
2310 3212
2020 9643
2430 3947
6152 8695
3859 6849
2251 9817
4620 5458
4416 9497
7987 8974
1755 1979
5740 5763
2592 2622
2746 6975
3582 5432
1193 7398
5608 9558
5123 6484
2226 5046
4205 6258
364 1362
412 8834
7972 8454
2019 7311
261 7839
6073 9461
1137 2228
4259 6626
2096 8302
4708 6759
1063 3042
2670 5210
2916 5416
7458 7866
4577 8375
1362 1465
1937 2665
766 1735
1789 6615
1706 1987
5073 8276
3426 9940
5955 6030
5291 5462
3117 3889
4546 4867
8777 9341
6057 9371
829 8281
7831 8446
3044 5412
5896 9016
4817 5200
1605 6621
3 5475
8879 9097
2595 6505
1552 8022
1875 4203
4699 8743
4672 9646
8381 8553
282 5565
3126 3156
2599 4095
823 5426
1351 4229
5499 7753
4050 9164
3028 5359
2702 2884
4085 9428
1360 3343
2547 3939
2222 7109
959 7670
3708 8461
3066 9933
6176 9070
2071 3547
7564 9144
3469 8774
7468 8758
3448 5305
2263 2700
3993 9207
1168 4470
5254 7351
4176 5762
1015 1590
2008 3894
1077 1477
4493 9803
7720 9744
5539 6062
1293 3974
6055 6552
2824 3662
3403 7462
137 2774
3310 8876
508 9552
3151 9487
4872 8227
2895 4862
2419 8389
3320 7237
3612 8980
766 5986
5691 8483
4249 8838
2920 6806
3523 5497
1331 4638
1038 4710
9558 9922
1690 5399
103 481
851 7598
895 7700
4702 9038
2160 4332
3418 5295
917 7052
1094 6884
3357 4193
4896 9023
1357 3744
8849 9396
2444 8857
2597 7680
3621 9278
826 6846
176 1961
811 3122
2628 5712
5406 8238
3542 6990
2609 3656
3295 5105
7707 9913
588 7879
775 3104
6534 6888
1484 1508
4217 8885
293 665
2741 7022
902 8273
7750 9885
5605 8105
2079 5259
7043 7737
225 1489
2263 9024
2480 5484
3509 7920
1180 5953
84 7276
6333 9949
7277 7597
3212 6356
3819 9490
648 2898
1797 5580
2636 4504
736 1431
477 2638
3250 7873
9191 9930
4924 6560
5104 7873
3831 8890
1478 6556
653 5626
6704 7711
491 8635
8287 8598
2014 5358
2927 3722
5933 8173
9833 9914
6768 9779
77 1567
2646 3039
6421 8764
3570 8467
2788 9713
7649 9172
1286 7869
5086 8019
18 3598
4149 8067
1611 2109
2259 2864
1242 7828
4722 7675
140 5100
6223 9299
609 3322
1620 8998
2229 6175
3614 3890
1264 9728
1079 1398
1717 5621
7808 8720
4367 6276
1292 2651
6470 7519
4427 8335
57 259
3112 3572
5474 9036
526 5242
3426 7686
1894 2718
3225 7735
3188 4222
1379 1822
782 1228
2896 8297
3312 6276
3310 9363
1802 2030
1439 8767
4934 6445
1636 2332
3822 5791
5720 8910
6219 8780
281 6384
1067 3026
825 6297
2863 7218
1612 8027
2456 5278
1995 5970
3235 4678
1852 4866
1531 3642
4906 9992
279 8409
5760 7961
101 3905
2659 6912
3355 9730
3036 5711
5637 7679
7184 9536
965 4010
1130 5712
1396 3002
295 6907
3852 5328
3974 5265
282 7612
4429 8289
7888 9133
4832 5138
532 9898
743 9044
3149 4472
4425 5134
1114 5525
84 3310
3293 5380
841 9406
70 5804
5283 7107
3361 8007
1327 3045
1181 9180
2259 4402
3342 8919
2605 6851
1370 8158
4364 7684
2073 7108
596 6710
1487 7607
624 3951
2357 8327
7222 7880
3928 6631
8493 9374
3136 8298
3612 6519
5034 8267
2613 5471
234 6236
2700 3781
4415 8759
1340 4756
9209 9416
1322 4475
467 7841
4152 7446
9250 9913
6397 7025
982 2850
3776 9505
3410 6995
782 4759
736 5578
2156 6011
4345 9902
2771 3292
4239 4449
5436 7487
6678 6736
2928 4586
6123 8851
952 9761
1157 1870
3203 5871
8191 8792
1101 7459
1087 9886
3254 9555
1393 5629
2240 8967
1308 4515
6043 7496
229 543
3522 8033
2480 8230
1715 3560
7349 7546
1314 2986
3667 7210
4739 9981
5543 9347
1214 7613
6894 9239
1842 3187
1620 1786
8660 9992
368 5708
6908 9349
993 2703
428 7313
5751 7411
5334 6701
1373 6648
4558 4859
7726 9437
5396 9399
8068 8335
3114 5677
5780 7057
1331 4583
3355 5208
2381 7362
8230 8681
1515 9575
3382 4431
1417 9416
938 5178
5058 7252
3234 3619
8193 8968
4206 5888
3191 7649
1755 7862
7054 8731
4756 5140
2905 8416
2238 4424
3011 4265
1289 8870
1065 4309
6725 9746
3921 6124
1526 3791
909 1369
688 5697
5613 7428
3170 9494
1783 6100
349 6942
2698 7667
7619 9815
6968 7365
5756 7039
2108 2745
5980 6927
659 3987
520 3119
217 2061
2237 3387
1789 3089
7926 9028
3412 3911
1149 3587
1538 2803
1996 7359
585 1160
3023 6028
4175 4402
6936 9811
1780 8988
1639 6450
1820 5936
5309 5954
7080 7603
2841 4725
694 4144
7574 8303
692 3602
1510 1538
8005 9921
5621 7935
6518 7852
2102 8530
3734 7517
6159 9851
4641 9343
2680 6105
2449 6236
883 3734
2920 9631
3736 4504
6245 6917
584 2394
2806 5461
6870 9100
3132 5680
4155 5909
2986 4140
974 1766
2928 9650
1977 2908
5318 6046
1272 5722
51 7278
2457 9909
7693 9286
5563 9121
3950 7155
2563 7988
5872 6897
5397 6543
2969 8477
1967 4959
3095 5887
2013 3190
2027 3419
264 354
4169 8935
7047 8922
1988 8001
1160 1664
51 6762
6130 7680
2651 7527
2017 4662
3113 6989
7262 8983
518 1224
7166 9212
7321 9957
4992 8960
3809 9457
4667 9259
1101 6331
2504 5020
359 1610
1258 8183
4277 8221
413 4278
4913 8670
2575 4605
2990 5559
217 774
2646 5768
320 3216
5256 6285
4231 6788
253 4132
328 4841
2739 7953
4814 9682
2632 9917
4938 5726
201 7810
1417 9862
1911 4950
4473 5449
783 3327
1860 7642
6041 6475
8450 9427
2256 4605
2391 7897
1656 8415
2919 8489
2775 8965
293 9611
3652 5698
4327 7020
6016 8428
2801 8853
2657 3328
4174 9376
3831 9282
1596 3266
6012 7732
1652 8532
2733 3512
4189 5464
4123 6800
2490 5919
5498 6053
1371 8452
522 7002
1878 9862
6413 7706
647 9034
982 6515
4565 8366
3459 3779
3730 6413
176 9087
2613 5756
6074 8640
3199 9279
222 3362
187 9995
1375 8752
1062 6874
1532 7310
1814 5573
7938 9461
6811 9604
5366 7472
7446 9425
6413 9325
2890 8821
3234 8669
2715 4024
1656 1678
8224 8715
432 7901
242 8998
4486 6849
7338 8809
3663 8567
4975 8044
2360 3095
5601 6751
766 5774
6289 8822
3716 4540
2702 7350
4827 6994
2779 4019
4840 9250
3163 8638
7431 7554
433 1387
94 1496
2871 7943
219 5182
3419 9467
1994 5855
685 7522
835 3219
1955 2325
2679 9262
1416 2126
1899 4839
5164 9449
2030 2301
4449 9417
3736 4340
4475 9480
3179 4818
279 2440
1801 4908
2885 8215
5846 8780
4734 9233
5384 6534
3163 7639
1859 8858
28 3495
2976 9890
5503 9282
3828 9208
1950 2258
3528 5591
7529 9669
7737 7999
3179 7729
1585 5204
1062 9093
1796 6255
2559 7238
1657 1884
4069 7412
3387 6344
912 6845
2917 4062
2547 5692
1900 2583
1598 6094
2120 5366
5243 9652
4840 8380
3968 7287
4630 6676
245 8125
164 5933
7754 8854
2286 6293
6414 7074
919 1950
1091 5255
151 4820
1284 6487
9080 9541
760 8217
6537 8870
2341 2976
4049 6339
4733 8533
4883 6765
4475 6734
2373 7889
5855 8974
6095 8203
4542 5206
8345 8793
5829 7101
3295 3987
396 1322
958 6506
8916 9374
4895 7902
7299 7329
1562 2455
4242 9989
3569 6128
2528 3625
6211 8489
599 5090
1698 6852
6356 7948
1556 7475
853 5070
4446 9431
1531 6709
4823 8951
1935 5742
509 7851
3847 5364
7170 9114
2406 6073
6940 7180
1956 8902
2785 8479
5288 9411
2199 5128
514 6966
3889 6738
520 2562
3830 6388
3703 8366
301 7952
5781 9902
3282 6637
409 7288
4813 8034
7955 9437
2626 5741
2199 4035
104 7694
8602 9720
2714 6794
5197 9671
1817 2799
4432 4802
8067 9727
3980 8207
2449 9846
1871 5104
7752 9508
2309 5189
1999 5989
6712 9514
8268 8760
549 1436
5478 7146
2672 4812
2819 5510
1639 9272
5935 7080
6749 8582
2529 4434
344 4411
475 9188
3583 6772
2838 9069
4487 5170
333 371
5361 6911
344 1003
3586 9455
2174 7272
8679 8874
597 2770
5894 9083
3467 7945
2526 3758
1404 5645
750 9119
1324 7298
4260 4799
6921 9762
4276 4771
2730 3199
4185 5391
7411 7694
4013 7781
3867 7730
3285 6710
3621 4697
4897 5559
1550 4765
7463 9097
1419 2699
2785 7217
3403 7787
391 7391
3032 6389
2832 9858
5974 9036
5881 8349
3132 8239
8792 9531
3728 6772
3676 4822
221 8445
361 9534
38 1965
5168 6221
1812 5767
826 4142
2199 9486
4244 6029
1091 2646
3313 6450
4139 4899
330 8058
6209 8338
2581 8173
3320 6105
1813 3037
636 734
3102 4206
1714 5937
1536 5414
2737 5988
1558 3431
802 8087
1368 9133
1161 2055
1051 3725
2806 3845
2742 5945
5886 9018
3595 4319
3247 9015
925 2158
3808 9906
1485 8827
4641 9050
3016 4207
1646 9513
6232 6802
5811 6544
908 9359
8718 9866
2233 5614
5222 9915
4345 8984
4787 8388
4990 9715
3830 8898
2204 2579
4053 7103
2043 6483
2610 9058
1080 5572
695 7750
1625 5429
4755 6496
7114 9449
1892 4855
613 3447
8176 9649
7175 9491
3893 9354
1846 8674
2064 7694
3284 8935
3011 4008
7663 8350
338 7570
1719 9100
427 6749
298 807
624 5684
4530 6895
9621 9642
3463 5951
9012 9438
4823 7060
3206 4967
397 3726
2703 2873
4187 7880
3545 3984
2511 9879
1132 9851
129 4219
1495 2362
8043 9830
2429 2760
439 6579
3800 8378
1332 9413
5690 6598
2079 5218
6668 8481
87 708
905 4553
8 345
2917 9320
202 4512
